5
197
185 145 76 108 112 8 83 176 171 141 162 38 102 136 122 152 166 11 1 135 130 42 87 69 113 115 138 37 30 110 164 137 82 43 183 14 64 99 49 51 153 182 146 59 24 197 40 60 2 117 128 16 191 28 196 179 97 161 192 57 32 85 58 175 13 89 187 54 75 168 103 68 62 180 100 70 53 140 111 23 50 116 159 12 94 170 21 5 177 134 96 7 186 105 148 119 124 9 29 172 118 163 81 93 157 46 61 22 91 66 114 98 143 193 71 147 127 129 88 95 67 131 160 15 34 41 55 18 47 155 190 74 149 107 63 154 44 84 56 184 132 48 195 33 156 90 121 72 4 78 35 169 167 144 189 25 3 158 133 86 173 120 52 92 73 150 106 45 10 79 26 125 31 188 181 77 142 19 151 123 65 126 6 178 104 109 20 165 36 39 27 194 17 174 80 139 101
196
152 191 106 142 24 165 115 127 9 68 144 169 54 141 189 49 27 117 172 140 187 190 15 91 81 53 51 96 194 136 78 66 101 33 162 131 97 17 178 116 45 147 103 29 47 109 145 38 16 185 48 151 129 1 61 186 95 168 21 28 119 126 163 174 143 32 135 76 65 150 160 153 79 113 37 171 73 148 77 157 74 161 25 132 6 86 87 18 181 70 192 164 158 20 90 138 75 64 146 122 100 195 180 102 59 2 50 120 134 88 176 11 83 182 26 8 130 118 55 104 154 34 177 71 125 98 40 46 7 110 99 183 94 155 188 107 167 60 166 112 173 4 89 149 92 105 58 31 133 57 170 175 72 35 128 93 44 5 139 85 67 121 23 179 159 124 123 80 111 84 10 193 14 62 13 52 137 184 41 22 69 56 12 39 19 114 36 82 63 43 3 156 30 42 108 196
197
174 73 106 149 88 2 196 133 109 20 25 55 90 108 84 62 86 119 6 129 189 162 94 190 45 183 173 145 33 120 44 161 4 27 114 17 91 36 58 98 134 143 150 80 130 126 182 166 54 154 66 1 92 14 74 22 16 157 71 23 180 177 34 10 87 79 8 191 144 132 152 165 67 128 32 26 85 178 112 61 195 46 21 169 172 185 155 156 151 188 127 40 160 9 141 168 153 7 37 12 48 15 110 59 65 159 176 47 89 75 96 140 53 18 52 171 193 107 72 135 175 164 163 192 123 138 115 95 116 29 105 69 170 49 181 11 43 50 38 102 146 142 139 99 70 117 39 179 51 137 147 187 3 64 57 41 28 100 124 125 5 184 103 82 24 35 78 13 42 60 63 194 19 113 186 131 167 101 68 121 30 97 31 148 122 111 104 118 76 56 83 81 77 158 93 136 197
195
87 29 136 20 168 178 132 33 137 42 17 8 147 114 22 34 77 143 12 4 111 36 185 105 92 82 181 88 159 5 95 164 53 7 102 30 60 129 187 115 80 52 15 162 91 65 145 75 157 28 149 122 84 21 99 120 27 119 161 167 57 44 116 67 110 16 96 78 93 48 195 61 11 183 47 118 113 40 94 56 153 192 49 39 103 150 18 106 176 35 46 69 174 133 125 24 117 97 180 19 23 85 101 1 189 14 112 171 127 45 138 38 9 186 193 37 160 190 74 134 172 25 31 166 63 86 126 73 107 50 43 177 128 41 154 158 123 156 98 194 165 55 175 124 141 64 68 191 131 109 90 66 54 148 182 104 163 100 81 3 130 121 146 108 170 140 79 72 70 83 151 6 10 13 184 71 76 139 152 155 62 32 58 2 135 169 188 89 144 51 179 59 173 142 26
202
66 30 126 62 79 150 84 190 181 164 72 2 19 167 155 127 27 180 24 17 152 96 31 128 177 35 41 114 156 82 140 173 77 5 123 39 76 111 52 186 139 89 120 193 102 45 49 169 67 8 71 117 10 99 158 129 161 60 148 101 197 37 87 131 130 6 196 44 195 81 179 107 202 88 46 83 50 38 188 42 174 21 175 59 33 32 109 95 178 4 182 200 133 192 97 124 116 199 100 75 157 166 26 18 78 13 85 16 198 118 137 146 201 54 36 106 58 144 53 187 119 23 69 159 125 80 68 57 160 168 151 92 191 138 172 7 163 141 184 11 171 29 132 185 183 94 65 142 40 98 90 15 189 22 176 61 122 1 113 9 145 93 121 70 63 162 73 154 64 104 134 43 91 135 48 14 153 103 110 149 112 143 136 20 51 165 25 108 105 115 56 28 3 86 34 12 74 170 55 194 147 47
