1
1
8
0
0
1
0
1
14
0
0
22
4
3
15
19
18
100
1
16
16
0
11
0
0
0
2
17
15
1
3
8
8
6
9
7
18
1
8
18
1
1
1
11
100
13
1
0
1
0
17
2
1
20
18
0
0
22
3
0
1
15
0
1
19
18
15
0
4
4
1
4
12
11
12
10
8
1
1
21
2
1
11
11
21
15
0
0
11
0
11
14
100
15
0
22
1
10
17
1
10
5
2
1
14
7
10
0
4
1
16
10
9
9
8
4
15
13
16
3
19
12
10
9
0
18
1
14
22
23
19
0
0
6
0
9
9
13
2
18
10
5
3
3
16
3
19
0
16
0
18
13
0
3
1
1
1
9
16
4
0
19
0
1
14
5
1
7
1
0
12
22
22
1
0
1
2
0
13
2
13
1
13
10
2
1
4
0
8
1
6
4
6
13
4
0
4
2
2
14
3
0
100
1
17
17
100
11
0
0
16
2
19
0
0
0
10
14
9
1
0
1
11
11
9
12
100
13
1
20
20
14
15
0
7
7
1
5
2
0
16
0
1
0
27
17
14
0
3
0
11
13
0
18
17
0
100
1
21
0
18
0
0
12
2
4
0
1
0
0
2
12
1
3
1
3
16
0
9
25
3
0
19
16
10
3
6
13
13
12
12
12
10
100
12
8
100
13
100
9
5
8
0
0
0
5
4
0
9
16
1
0
19
17
2
22
0
4
6
8
0
2
13
14
2
0
0
0
7
10
3
11
12
18
2
0
0
5
0
1
11
100
11
100
0
0
1
0
1
100
1
9
0
2
0
0
0
0
0
0
1
3
1
11
15
1
1
3
13
0
14
0
0
0
1
1
100
6
22
2
1
0
0
5
2
1
2
0
14
0
10
6
7
1
1
17
100
4
0
1
0
0
17
0
2
1
11
100
10
10
1
2
1
17
4
100
15
14
1
1
13
7
5
0
0
0
0
9
2
100
0
0
7
13
100
8
17
1
15
0
19
21
0
1
17
15
23
11
0
21
1
2
0
13
7
0
22
5
6
100
2
4
5
0
11
0
0
10
7
22
0
1
5
3
0
0
8
15
9
14
17
5
12
6
18
0
0
14
2
0
1
10
11
1
0
11
0
14
25
0
2
1
16
0
9
0
18
1
2
16
1
21
17
23
0
0
11
1
0
100
7
11
15
0
0
4
19
0
11
22
3
10
11
1
12
21
1
15
2
1
0
0
19
13
1
1
1
3
14
17
1
0
16
14
0
15
1
12
1
0
0
23
14
7
1
100
1
0
0
2
1
100
100
0
1
0
0
15
20
11
16
2
13
100
0
28
3
2
0
10
13
9
2
3
18
3
5
22
0
14
0
14
4
3
6
0
18
4
1
16
6
0
17
2
13
1
19
1
14
6
100
1
20
1
16
5
17
0
100
0
0
100
3
5
10
1
14
100
24
0
22
0
0
1
1
2
15
1
1
8
1
13
0
0
11
0
8
0
0
2
6
8
20
0
100
15
0
0
16
15
23
12
4
20
13
0
100
0
100
0
16
2
0
15
7
0
1
0
1
1
15
100
6
13
0
1
0
21
18
0
2
0
4
4
21
2
5
16
14
1
0
15
1
2
7
0
0
1
0
0
2
13
3
2
10
12
1
0
2
1
10
2
9
19
20
22
1
0
0
0
5
1
0
11
10
15
0
16
0
14
0
6
13
0
100
0
100
1
15
0
0
4
0
3
9
1
0
3
12
0
0
22
0
11
0
10
7
15
4
2
21
0
18
3
9
18
0
0
19
22
7
0
1
2
10
1
0
0
10
2
0
0
0
1
22
7
3
1
0
0
1
11
14
0
0
11
1
3
12
13
1
100
4
0
4
100
5
19
13
0
1
21
10
100
2
13
5
1
0
1
4
2
5
18
2
6
10
100
18
1
16
18
100
1
2
3
0
20
12
0
1
10
0
20
11
7
0
2
0
0
6
1
2
17
0
15
15
1
100
0
13
0
7
100
11
17
12
4
11
1
0
9
2
10
2
1
6
1
1
0
0
0
0
0
10
18
0
1
0
0
0
3
9
21
0
2
0
13
17
10
1
19
11
14
10
0
2
18
11
0
11
0
5
13
15
0
6
11
3
21
100
0
0
0
12
100
1
17
0
100
1
2
4
100
13
1
0
19
2
100
5
2
0
10
14
6
21
13
0
4
0
0
100
0
22
0
0
14
2
7
1
21
8
7
1
0
0
10
0
14
1
1
3
16
9
14
0
2
7
1
