9
100
12
0
100
1
1
100
0
1
2
9
4
4
10
2
0
100
27
3
100
0
0
0
0
1
1
1
12
10
5
1
1
11
11
19
3
21
0
4
25
21
100
0
1
18
17
15
0
0
2
2
2
0
2
0
14
1
0
2
0
1
1
20
10
1
0
1
10
14
0
5
10
10
1
8
0
0
9
17
1
11
14
0
0
0
11
13
2
16
18
16
0
20
1
100
1
1
100
10
0
15
0
1
16
1
1
12
1
18
19
14
1
2
13
15
100
21
10
19
1
5
21
17
0
0
10
0
1
1
2
1
22
1
10
20
9
21
19
2
0
0
1
4
8
2
0
1
22
18
15
3
0
10
0
1
0
3
1
26
2
3
0
0
1
23
22
27
0
5
23
24
0
21
0
22
12
2
100
12
0
20
0
15
2
2
2
0
15
5
0
1
0
3
1
100
1
24
0
23
23
1
19
15
2
0
13
100
0
0
1
1
13
12
100
0
18
3
1
0
0
15
13
12
6
2
0
21
25
12
1
22
0
11
15
0
0
1
15
1
19
22
1
2
2
14
0
2
9
1
0
3
9
14
0
8
1
13
1
0
0
16
1
2
0
6
13
1
12
14
3
16
1
11
11
14
1
0
10
11
0
100
15
4
0
15
0
17
23
21
0
11
7
0
0
4
0
2
5
0
3
100
1
0
25
1
3
1
0
2
0
0
0
100
13
1
0
1
2
0
0
20
0
4
0
0
1
0
100
0
0
0
1
23
100
1
1
3
19
8
1
2
9
0
11
12
8
1
0
0
0
2
2
1
1
0
16
1
17
2
29
100
16
0
14
1
0
1
13
0
9
13
12
0
0
5
0
0
15
0
2
100
14
26
20
18
1
0
0
2
19
7
16
2
0
0
1
30
0
100
0
2
0
0
5
23
0
18
0
2
18
0
10
100
2
19
18
14
0
2
1
22
3
3
0
5
1
9
0
0
20
4
18
1
2
1
100
0
1
17
1
27
3
100
0
2
4
100
1
20
0
0
3
0
0
14
0
19
0
8
26
0
1
3
1
10
1
100
6
14
17
0
13
16
2
1
1
0
3
18
0
0
16
5
1
0
7
24
100
18
0
2
3
0
0
14
18
1
5
1
1
2
3
2
0
3
2
100
1
2
10
17
0
1
3
100
0
4
20
12
100
0
4
0
1
21
14
1
0
0
10
0
0
15
2
0
0
100
8
0
0
10
1
1
18
25
0
1
13
0
1
0
2
9
12
12
14
1
18
15
100
0
3
3
14
0
13
15
18
0
26
2
2
0
20
3
13
10
21
1
8
100
0
0
0
1
0
22
1
1
2
0
1
0
0
9
0
1
1
0
0
11
0
16
1
0
2
2
0
4
0
2
2
0
13
0
2
1
1
16
0
10
18
10
18
8
19
0
2
100
0
8
4
26
0
8
0
2
14
0
100
17
0
0
8
1
0
1
20
9
1
0
0
0
2
24
3
5
1
9
14
14
0
17
0
22
14
1
1
1
13
0
26
1
6
0
22
0
4
1
100
21
11
0
0
2
100
9
1
10
0
4
0
20
23
0
2
1
4
2
20
0
15
6
8
0
2
2
0
1
18
0
12
13
0
0
100
21
5
1
1
1
100
0
100
14
0
11
1
1
0
28
26
3
0
1
8
100
12
1
0
1
3
9
5
0
1
0
0
2
13
0
13
2
13
29
12
21
22
100
3
2
1
3
1
17
18
1
1
0
19
21
5
2
1
1
4
21
10
3
25
0
19
1
17
5
100
20
0
1
2
2
1
0
1
21
19
100
0
0
11
1
0
18
24
12
13
1
23
12
9
13
10
1
16
100
6
1
1
3
3
100
25
1
0
11
0
26
0
24
2
10
0
0
0
1
0
1
100
1
28
0
16
19
100
100
3
7
23
25
2
6
1
6
24
3
0
18
15
1
2
2
10
0
0
0
24
0
1
1
1
1
17
0
4
0
0
0
16
0
0
0
16
1
0
3
0
1
3
16
10
1
16
0
18
17
0
0
5
1
0
28
9
12
0
1
28
1
0
1
0
0
1
11
0
1
3
1
0
20
1
3
1
14
0
0
0
1
0
1
0
0
2
22
0
0
0
0
12
0
2
0
10
6
1
1
1
0
2
1
0
100
0
3
0
17
1
28
8
25
1
6
13
1
0
12
1
0
0
15
6
0
1
0
0
29
13
1
2
0
4
18
0
23
0
10
12
3
9
9
6
1
0
10
1
100
1
5
1
0
