1000 1000
23 74 94 72 11 59 27 39 15 4 18 11 11 23 57 71 7 15 39 10 46 35 63 50 23 53 71 10 90 61 28 59 11 33 54 64 10 10 77 35 39 46 97 85 83 74 23 98 33 46 46 79 8 86 50 81 14 27 75 35 86 39 34 27 97 94 26 43 84 28 65 47 80 69 37 14 8 30 14 96 14 65 44 81 21 8 70 69 18 69 28 18 11 94 18 59 96 38 40 71 4 5 60 57 12 17 90 9 3 99 75 48 37 73 25 5 18 54 29 13 37 82 50 72 49 60 12 69 82 100 42 22 7 24 47 12 40 93 14 47 75 89 23 74 17 32 45 44 29 96 19 36 49 44 33 19 48 51 40 85 4 68 37 53 72 17 51 18 39 11 77 65 46 96 13 31 30 49 48 28 42 41 94 44 79 97 74 21 100 9 19 53 75 24 37 79 79 49 5 2 22 67 86 31 19 98 77 8 99 99 1 55 10 17 89 69 84 97 17 79 75 53 16 12 84 49 32 9 76 21 22 22 2 75 47 34 55 22 21 4 56 96 6 70 76 36 59 10 10 93 42 14 22 48 32 51 91 24 4 17 5 2 67 35 63 41 41 7 86 5 70 74 9 85 47 83 95 38 34 19 18 56 80 7 58 37 3 63 3 36 42 99 97 66 99 37 11 83 78 22 97 58 62 38 18 87 18 4 59 98 17 76 58 38 43 3 1 82 79 22 21 96 6 11 28 59 20 96 14 6 73 6 17 35 80 78 51 38 97 8 27 36 74 22 89 33 58 48 74 86 4 28 39 7 73 34 30 95 87 99 100 6 67 74 53 56 60 73 40 42 88 60 32 76 84 38 19 67 2 36 16 37 60 4 54 48 88 46 95 41 2 73 94 91 84 2 80 24 95 52 31 17 7 83 57 88 4 87 69 49 97 89 73 76 23 62 67 98 3 27 45 54 15 71 76 21 61 100 79 34 6 49 88 95 38 39 23 1 29 98 65 15 54 22 36 87 79 20 88 21 47 92 84 38 49 36 33 70 71 67 61 48 6 40 79 30 53 73 71 19 86 84 94 19 97 75 14 97 12 72 58 92 5 21 66 77 74 10 79 4 53 3 8 77 73 4 87 64 48 37 78 67 89 2 51 86 99 51 26 24 99 33 52 16 98 75 25 32 2 3 64 2 12 100 65 42 14 87 50 99 63 49 35 82 13 52 43 12 5 18 8 51 71 34 84 55 52 1 73 66 45 63 7 82 61 56 78 55 39 47 98 3 21 99 18 52 88 7 22 14 53 31 49 32 85 85 89 10 33 5 29 10 37 98 44 58 99 92 32 88 22 24 54 3 82 56 90 9 99 2 99 15 21 37 43 14 90 7 69 5 35 69 90 100 63 23 25 60 96 100 48 85 89 47 92 85 14 95 92 54 22 37 54 22 74 2 94 13 51 46 2 41 41 43 15 77 24 100 92 94 64 73 57 67 24 24 76 7 50 51 32 90 86 54 97 47 5 60 37 20 95 64 41 34 59 8 61 10 97 90 43 34 37 70 64 72 80 47 44 32 55 31 93 33 47 2 53 52 37 49 47 79 96 58 33 50 9 54 72 11 42 35 94 92 37 9 77 31 45 57 26 93 7 95 50 23 97 82 92 88 69 47 2 4 19 8 93 69 20 90 98 88 50 98 65 88 91 90 20 5 36 69 53 89 86 79 7 33 10 21 84 62 52 33 9 12 92 22 27 52 17 5 99 72 3 78 98 61 92 36 76 22 30 83 92 62 17 70 45 23 70 70 62 7 10 1 62 81 35 52 97 51 100 14 22 72 27 87 32 71 91 93 5 84 30 92 85 21 8 7 100 35 93 48 67 94 26 21 30 36 57 49 43 93 94 26 58 34 51 68 85 80 1 17 45 54 58 93 59 49 55 34 56 16 10 42 3 99 16 79 86 70 94 30 15 71 56 81 82 6 15 57 84 97 17 8 20 69 65 68 83 23 46 49 23 58 96 82 91 10 90 56 57 3 96 32 14 84 51 51 37 92 78 38 25 53 6 49 96 78 45 19 8 83 78 10 99 40 80 25 76 92 50 15 12 90 78 5 64 42 81 77 99 76 21 42 25 48 73 59 74 86 40 53 62 42 95 100 95 52 35 93 17 42 5 42 12 26 86 87 44 43 77 61 20 27 2 36 37 43 96 49 74 35 78 34 60 65 76 59 68 99 66 71 10 28 11 44 5 14 57 8 59 39 91 21 70 22 97 74
954 959
645 976
728 906
175 514
136 379
553 598
407 996
216 700
471 588
923 935
581 892
767 907
787 909
332 936
350 568
249 666
259 260
171 306
654 711
448 983
153 838
66 480
967 972
133 293
71 183
653 900
693 951
100 111
40 45
802 871
153 192
456 569
266 1000
4 560
353 827
501 718
387 551
930 942
800 808
348 530
397 615
531 941
189 276
190 273
941 979
475 487
624 798
115 594
9 56
422 451
326 606
566 654
822 918
109 305
502 797
834 859
342 415
218 750
239 988
204 442
70 544
91 151
15 244
6 588
667 938
399 619
804 814
612 613
39 48
329 364
890 968
217 792
981 985
322 468
87 781
353 585
188 408
880 958
256 730
770 909
639 895
193 237
763 940
808 995
93 997
403 903
503 886
280 326
346 510
931 952
336 420
540 988
84 668
946 948
152 541
58 428
741 785
810 867
782 911
837 840
659 691
436 905
314 386
993 994
428 680
125 210
83 967
62 97
85 491
192 463
796 823
141 380
433 877
704 712
298 744
103 827
769 909
905 907
112 462
315 776
797 807
64 784
98 514
588 608
79 273
145 734
506 738
247 474
886 1000
333 717
587 929
713 957
994 995
330 803
367 376
410 839
386 431
810 846
533 747
849 972
204 492
902 940
190 570
223 235
341 459
396 603
795 988
521 534
159 657
851 855
801 822
667 706
488 802
167 650
277 506
886 954
562 829
162 469
633 764
903 931
143 440
372 430
622 975
596 702
266 906
454 622
226 361
286 510
665 739
5 492
228 262
554 712
199 686
696 912
572 579
22 985
66 393
122 760
27 46
97 594
733 894
140 266
200 657
90 326
263 849
116 236
573 690
461 811
374 405
89 808
304 491
330 764
738 856
96 793
617 789
253 996
269 276
698 927
569 882
167 720
231 404
655 691
151 255
527 613
227 926
821 961
368 971
471 872
9 437
156 991
55 158
183 654
752 786
186 227
373 482
200 219
945 947
168 899
191 473
287 981
203 460
556 681
884 995
308 579
132 689
549 796
145 169
877 927
173 891
361 822
662 684
771 926
17 69
687 976
236 942
497 632
500 845
248 428
21 911
576 843
295 943
741 744
260 989
457 837
322 939
82 279
552 647
164 274
240 419
133 901
10 949
766 863
331 713
439 723
132 938
420 656
891 903
64 693
426 803
130 630
347 884
595 694
661 880
2 302
214 867
170 527
113 927
383 982
462 987
376 702
547 808
88 921
164 320
635 972
17 165
794 929
271 751
268 610
274 797
231 241
428 756
466 800
558 634
209 444
649 820
921 980
653 720
318 405
652 934
310 715
386 720
443 511
977 978
304 376
933 999
362 776
537 643
209 917
282 813
316 611
212 460
86 181
719 849
746 852
516 872
324 479
401 814
179 282
927 987
121 450
376 703
874 922
101 944
132 582
836 902
613 662
542 966
623 646
409 637
171 683
833 861
196 795
720 861
472 700
19 736
296 687
519 891
459 587
88 230
644 660
465 591
416 581
682 890
424 601
280 777
104 127
797 832
430 722
414 471
110 332
166 202
236 683
925 979
610 743
105 888
135 733
366 517
65 380
7 472
137 687
283 671
547 638
344 798
985 999
80 494
436 872
106 187
180 215
163 422
13 671
197 842
246 690
144 922
628 731
176 549
89 174
406 421
672 909
225 665
42 159
759 848
586 998
211 423
401 643
448 964
76 452
11 643
718 845
218 521
530 687
218 339
338 577
44 577
71 346
731 811
131 502
708 731
123 833
347 727
705 997
238 770
737 894
768 935
962 995
171 512
917 984
81 603
506 888
127 240
384 707
534 789
260 802
323 729
634 958
758 925
413 497
484 822
648 889
285 768
357 993
163 546
435 540
499 878
830 909
818 960
603 711
817 950
651 1000
388 779
161 722
25 835
50 253
76 526
119 725
699 881
229 556
633 836
182 302
325 448
505 761
62 986
8 73
257 761
907 937
259 561
732 919
735 982
660 741
187 595
847 866
54 257
485 940
696 891
864 865
596 599
266 654
386 773
68 521
195 616
877 979
453 626
118 679
522 972
955 996
24 968
487 555
470 812
262 491
281 692
886 965
126 433
747 877
998 1000
151 898
636 996
322 762
681 914
424 995
416 661
100 729
363 382
425 611
539 754
182 621
338 677
392 397
117 669
725 864
35 441
434 640
557 562
467 830
850 991
762 902
154 426
751 786
426 757
52 204
389 875
923 939
856 963
904 971
445 658
60 246
235 749
354 961
518 864
403 896
591 715
643 781
791 810
164 668
49 293
326 853
59 814
436 562
205 377
514 553
560 852
982 985
204 702
337 843
374 927
589 699
896 956
315 662
99 686
544 575
678 772
46 571
341 457
988 991
413 480
130 205
188 842
762 976
665 669
538 686
177 345
270 373
243 559
125 451
732 944
3 427
658 701
20 370
34 524
898 908
80 299
402 936
677 830
107 394
275 524
705 915
250 343
509 667
32 869
363 966
481 743
378 677
108 755
150 439
359 657
135 548
982 991
180 935
317 971
47 678
407 721
953 956
901 996
747 825
613 693
316 413
259 479
590 991
498 670
31 597
860 928
734 744
63 692
301 676
979 997
44 455
404 552
247 884
340 450
37 490
600 898
186 371
443 771
663 1000
485 778
269 908
588 858
282 326
528 535
572 712
882 980
236 595
129 858
459 842
416 620
486 899
329 637
252 931
983 994
916 993
598 755
313 835
709 832
117 798
629 649
524 900
141 432
523 960
72 141
345 949
343 860
107 139
219 231
305 460
70 136
323 718
947 979
185 583
182 995
327 567
304 627
355 580
622 948
92 350
726 871
787 992
134 814
292 789
350 702
356 390
15 535
254 908
63 879
329 335
529 966
289 844
866 887
251 602
826 999
924 985
155 418
1 674
483 591
120 956
252 300
67 597
12 517
690 962
197 412
706 971
9 383
385 962
683 780
736 832
381 807
194 908
172 584
464 683
327 664
149 220
279 562
138 551
809 993
157 958
375 380
241 435
92 515
903 982
818 929
598 714
534 604
790 919
140 625
841 874
438 577
637 944
43 77
626 925
398 986
740 934
29 891
53 745
350 878
77 535
4 23
121 311
496 679
51 580
166 402
697 900
990 1000
349 955
794 810
258 849
808 917
920 957
226 514
55 379
160 312
513 951
688 937
67 605
853 932
841 845
143 767
876 886
562 639
748 937
559 945
563 775
828 996
671 992
665 783
70 821
493 546
439 843
69 291
432 953
272 610
178 855
914 964
407 753
943 998
422 869
802 806
149 622
146 683
848 861
162 272
234 279
148 813
416 550
74 581
772 854
312 805
342 652
206 207
746 790
294 562
566 870
28 57
532 629
801 991
347 496
338 704
399 642
769 864
407 835
911 965
201 556
914 963
347 972
62 640
676 973
166 507
32 913
794 894
792 1000
307 438
221 430
871 948
114 744
63 524
583 900
213 998
300 578
653 965
16 597
498 509
128 315
239 541
725 799
862 947
756 941
741 831
376 655
555 967
486 977
897 947
580 962
815 917
342 764
101 584
447 467
47 82
30 679
735 960
417 506
237 248
102 882
47 165
824 884
438 796
273 449
360 610
140 476
297 428
565 935
31 905
956 965
411 517
334 1000
207 522
615 651
623 815
833 868
709 986
570 916
338 842
328 637
586 710
631 907
290 792
87 288
670 707
889 924
863 922
723 970
817 990
163 573
674 885
33 939
373 928
446 818
496 569
651 819
390 457
45 78
142 454
885 959
746 765
139 606
853 977
405 504
117 319
731 876
626 691
94 905
61 115
134 614
511 739
14 274
730 951
543 846
41 704
358 816
319 607
242 866
117 545
8 390
62 249
309 758
60 171
686 757
26 362
261 606
642 883
75 769
121 429
15 264
336 754
839 960
18 621
551 837
360 896
571 648
563 590
882 949
521 598
589 821
427 963
633 820
478 705
490 797
439 440
489 532
788 927
779 983
127 703
724 854
48 106
342 420
564 568
940 966
2 774
251 953
195 368
233 915
303 855
418 626
509 562
188 222
852 974
513 738
989 991
752 782
509 700
866 870
66 470
49 365
844 918
240 805
745 993
400 872
717 801
762 857
262 567
235 933
958 985
716 723
316 490
232 896
525 767
42 421
105 147
974 994
352 731
618 672
265 977
202 920
894 961
191 802
898 919
675 996
794 859
673 830
512 536
633 910
423 514
973 1000
45 558
278 751
715 878
528 786
507 628
445 824
793 933
95 374
267 482
616 806
741 798
593 638
120 718
340 707
508 529
38 770
321 712
981 996
309 695
452 500
299 966
641 921
510 609
761 929
622 685
184 680
149 630
585 950
33 124
574 755
371 395
441 566
51 915
279 284
36 649
28 986
610 642
989 994
517 731
804 960
351 802
198 941
212 368
458 886
540 645
634 978
349 592
855 965
820 890
661 760
391 446
20 918
662 893
19 477
771 852
224 580
208 265
872 873
353 389
722 762
86 674
265 838
245 859
969 979
501 520
495 720
800 928
643 742
369 374
490 830
496 816
954 989 1 814
927 991 0 291
788 982 1 425
474 492 8 157
993 994 0 867
885 974 2 960
564 624 2 559
907 991 0 362
631 885 13 900
82 596 2 669
599 803 2 299
886 924 1 155
465 469 2 287
5 144 2 249
526 959 1 757
503 596 2 152
92 887 3 531
925 1000 0 664
185 664 1 88
442 619 2 126
805 853 0 470
54 702 3 700
695 799 15 409
255 659 9 480
147 262 13 763
18 155 2 178
658 695 2 382
664 882 2 348
691 884 1 716
405 702 1 537
626 927 1 963
112 369 2 122
187 428 2 334
531 573 1 150
198 347 1 806
374 409 1 754
374 616 2 880
533 557 1 952
62 680 12 650
369 992 2 198
987 992 1 40
321 877 1 285
198 354 0 177
680 977 7 442
877 899 2 427
374 550 1 251
50 113 1 106
933 987 1 277
920 987 13 431
58 332 3 105
663 915 2 713
897 943 2 649
392 897 2 629
536 653 7 519
931 947 2 302
223 683 3 734
955 979 1 955
996 997 2 33
243 543 11 150
339 705 2 23
700 915 8 239
772 915 3 901
616 780 2 934
798 947 1 697
705 771 1 63
862 888 2 33
487 947 4 562
930 972 2 317
683 727 1 563
451 945 1 371
466 493 4 207
547 690 1 163
512 638 1 229
451 679 1 781
493 972 2 825
60 448 1 327
860 963 3 659
800 888 2 382
926 928 1 118
174 907 1 741
928 975 2 113
482 645 1 882
289 422 1 818
459 869 4 963
962 986 6 337
78 210 3 622
481 690 1 530
962 973 1 651
60 166 2 4
663 679 1 250
358 819 1 795
855 882 1 40
868 882 4 316
21 177 1 874
173 209 2 771
793 815 0 574
675 984 2 815
646 977 2 241
677 984 0 333
735 816 1 423
652 808 4 952
30 630 1 634
948 980 3 788
557 569 2 844
344 623 1 875
83 884 2 99
227 967 2 341
101 621 1 744
616 719 2 852
263 670 1 745
79 311 1 675
247 633 1 655
347 539 2 105
347 399 2 460
570 718 1 278
275 621 1 380
178 658 0 386
162 527 1 312
745 814 1 748
709 916 1 975
776 803 2 563
988 993 1 417
212 315 1 301
4 170 1 575
189 277 8 948
145 988 3 34
964 976 1 216
420 644 4 135
372 856 2 761
448 502 2 764
660 812 2 728
632 660 3 360
734 834 1 718
523 785 2 282
325 839 1 208
168 417 1 653
300 983 1 50
100 277 1 647
624 773 1 468
741 1000 2 373
3 346 10 589
352 511 8 505
665 769 3 748
329 470 2 485
771 844 1 896
514 669 2 627
732 857 4 221
364 542 2 700
276 494 1 698
132 665 1 492
509 765 1 667
562 667 1 947
216 439 2 463
560 687 1 91
439 725 14 246
354 765 2 865
742 852 6 697
143 507 2 432
346 829 2 143
471 535 1 29
605 782 2 538
67 737 2 419
436 709 12 106
678 871 3 196
557 688 2 816
342 582 1 450
670 778 1 16
164 294 1 486
82 673 8 680
823 895 2 970
689 712 1 432
707 881 1 789
753 904 2 261
7 861 1 416
871 943 5 353
142 847 1 696
386 488 1 116
15 205 2 770
191 912 0 924
293 351 1 169
205 349 4 378
55 195 1 812
821 971 2 786
946 961 1 30
457 473 2 445
324 611 2 972
381 479 2 48
152 203 5 74
890 948 1 82
220 871 1 552
757 910 2 52
489 822 2 402
447 629 8 192
70 532 2 300
803 977 2 732
826 989 0 507
615 757 2 456
628 740 1 2
80 950 3 222
71 180 1 675
35 542 1 932
495 508 3 444
285 883 1 338
890 901 1 735
821 890 2 308
215 383 3 483
333 529 1 427
339 348 0 829
960 976 2 336
671 762 8 8
322 881 2 943
137 179 2 48
404 932 1 532
322 636 1 893
120 540 0 143
421 847 11 944
322 603 1 115
386 750 2 105
133 339 3 859
574 721 5 947
514 537 5 26
425 991 1 463
383 770 1 256
918 932 1 906
955 991 1 994
749 918 2 444
300 333 3 715
709 861 1 650
115 178 1 856
822 998 1 465
295 470 3 869
71 490 1 317
320 577 2 324
672 839 1 637
401 864 1 162
107 909 8 376
75 168 8 130
677 838 2 490
618 826 1 637
909 952 2 866
711 830 1 745
819 865 1 422
295 455 2 72
973 992 2 496
551 766 2 663
222 432 1 250
173 572 5 422
138 828 2 71
188 981 1 611
8 978 2 579
699 810 2 465
543 867 1 803
929 978 1 230
791 853 1 375
737 955 5 237
349 818 1 825
469 929 2 200
718 846 1 269
391 729 2 119
15 245 6 836
264 846 7 677
870 929 1 837
827 867 2 213
827 961 2 298
751 814 5 647
661 901 1 730
520 753 1 869
74 728 2 351
880 998 1 343
78 586 1 416
936 982 2 906
828 920 1 44
731 933 2 716
998 999 1 823
495 889 1 358
278 999 1 987
602 985 2 461
63 272 3 376
72 906 1 796
295 883 1 848
290 922 4 193
100 900 0 302
275 713 1 379
217 990 1 374
402 950 3 760
103 936 1 523
298 802 4 44
692 733 1 229
291 810 1 812
441 820 1 662
809 869 4 861
487 540 1 22
231 989 1 26
596 651 12 865
479 597 2 499
110 279 2 268
797 914 3 735
872 962 2 485
651 711 1 668
505 627 10 236
854 893 2 365
995 999 0 513
843 941 3 692
348 566 5 677
316 831 1 132
289 743 2 651
697 888 2 5
577 645 2 255
619 637 6 99
127 899 2 919
43 168 4 301
638 848 4 882
270 286 9 631
82 173 0 147
333 908 1 861
267 835 2 117
798 815 5 707
720 817 2 88
15 992 2 941
564 880 4 619
914 937 6 405
596 622 1 125
2 663 5 574
405 762 2 111
386 601 5 168
905 993 6 567
800 960 2 509
71 976 2 639
923 940 0 207
281 433 6 109
327 894 4 735
165 240 4 337
569 657 2 163
596 861 1 136
349 460 0 638
270 941 3 640
899 967 2 763
937 941 2 674
919 950 1 467
808 948 1 103
923 928 2 303
330 575 2 185
849 926 1 290
214 655 3 238
998 999 1 363
894 911 1 450
871 889 1 796
384 815 2 654
132 864 12 158
683 821 7 106
953 966 2 237
407 704 2 145
20 282 2 13
782 968 2 2
224 655 2 381
816 957 9 186
695 775 1 344
226 909 2 196
273 321 1 313
49 320 2 812
80 310 1 494
313 891 0 926
237 474 1 513
276 317 8 203
860 911 1 304
266 602 2 581
245 686 3 241
828 999 2 974
1 578 1 900
786 793 4 272
171 635 1 193
70 455 1 364
658 898 1 507
463 915 6 437
345 613 6 778
533 941 1 28
651 862 8 735
399 480 5 120
255 514 1 890
34 36 3 902
82 475 2 424
727 998 0 998
287 682 1 594
483 944 1 993
596 975 1 865
231 497 1 601
472 535 2 745
791 814 2 390
524 863 4 181
640 685 2 976
584 877 1 708
804 952 1 396
223 509 1 777
729 812 2 287
774 943 3 242
91 211 6 100
279 884 2 119
81 664 1 404
630 734 8 91
190 254 0 320
863 986 11 806
671 969 2 599
483 636 10 317
771 966 3 231
208 311 2 577
637 766 1 698
885 963 7 498
626 773 1 585
907 995 7 791
62 793 2 982
165 522 1 770
236 714 8 798
965 983 1 429
813 919 0 557
121 715 3 718
796 856 1 818
503 533 1 647
49 385 1 971
385 607 4 964
383 400 2 514
46 508 2 911
321 968 1 31
884 962 1 769
587 670 2 34
588 881 8 215
972 983 1 237
720 995 3 822
164 725 1 109
16 902 3 119
62 211 9 527
855 872 1 969
981 991 1 399
445 832 1 884
345 602 2 347
626 728 2 181
141 861 2 515
738 947 0 821
485 978 6 687
928 966 2 93
460 620 1 519
927 950 3 886
632 854 1 268
260 871 1 566
963 964 0 264
58 199 4 952
774 957 2 511
780 883 2 132
530 866 0 69
477 802 2 803
55 233 1 52
237 386 10 234
840 851 7 427
796 833 2 402
326 371 4 482
199 963 3 621
545 580 1 982
736 911 7 47
803 932 1 421
280 900 2 26
461 906 1 207
568 704 1 692
333 813 4 252
903 967 2 350
720 881 2 432
394 819 2 731
857 974 1 231
714 869 2 412
982 991 0 331
226 982 1 964
862 952 1 395
211 803 1 598
277 393 3 455
374 746 1 901
505 710 1 521
854 874 2 395
56 209 2 167
683 854 3 464
148 628 6 324
336 390 2 694
456 840 1 516
708 984 6 529
153 358 6 593
133 292 1 387
413 673 1 372
119 664 3 830
81 612 4 401
352 782 1 595
491 888 1 286
714 789 0 897
43 844 1 243
485 766 6 997
465 849 2 764
292 783 2 956
5 937 9 683
256 913 2 58
725 834 1 918
200 278 1 98
314 989 3 237
918 988 1 223
1 150 4 817
62 140 2 814
941 956 2 328
98 240 2 957
423 639 2 544
747 961 7 508
684 942 2 458
201 787 2 531
759 962 0 142
819 892 2 143
98 335 2 995
371 991 1 512
476 771 1 250
890 946 3 931
459 644 2 80
170 723 2 534
458 906 0 94
135 280 4 532
771 790 1 838
371 603 1 958
701 918 1 859
493 656 0 386
377 947 8 765
94 872 1 543
31 311 4 701
226 430 2 781
574 744 1 289
681 886 1 23
950 968 2 34
176 462 3 320
239 634 2 993
899 989 1 352
490 893 4 831
405 851 6 34
273 938 1 97
213 665 2 925
891 915 4 601
405 780 5 206
525 552 0 166
763 988 1 755
139 712 7 452
31 961 3 879
833 988 1 906
621 889 2 254
386 777 2 908
452 685 1 544
700 702 1 72
378 819 6 413
852 939 2 734
382 903 1 6
553 773 7 592
705 901 2 406
53 442 5 31
239 377 2 930
910 988 1 534
289 604 1 40
895 970 1 963
505 765 1 634
551 741 3 98
475 789 1 374
116 696 1 700
486 838 0 622
316 883 4 264
710 749 2 259
605 775 2 59
947 948 1 260
185 550 3 657
196 377 1 658
968 974 1 396
353 571 1 393
206 789 6 152
291 405 1 502
170 665 2 980
796 806 2 442
637 878 4 465
545 792 1 149
239 540 1 27
809 841 1 366
999 1000 1 640
831 834 1 706
958 967 2 13
962 999 1 466
961 980 0 150
591 945 4 177
694 839 4 675
227 249 9 317
726 971 2 710
481 582 9 587
277 508 1 233
728 807 2 809
19 410 2 605
335 386 2 484
191 823 5 369
552 635 2 920
802 830 5 366
906 996 6 117
222 903 1 299
712 825 5 530
82 453 3 542
854 932 3 259
69 723 6 846
674 843 5 798
1 452 1 322
154 978 7 576
638 744 1 23
224 801 2 48
63 166 4 567
562 894 2 270
328 650 2 803
370 485 6 882
416 958 1 694
369 972 6 556
992 997 2 117
120 549 2 758
922 979 9 545
500 775 1 572
247 256 6 275
582 783 2 277
693 956 2 282
137 396 2 881
917 922 1 892
358 933 6 194
630 983 1 710
892 944 1 498
217 875 1 865
453 501 1 2
525 605 1 118
413 621 1 597
857 861 6 748
796 916 2 391
540 745 0 2
858 953 8 930
347 871 1 623
137 762 1 635
528 858 1 936
840 985 3 581
417 448 1 320
651 714 7 499
740 840 2 679
402 437 1 963
8 238 2 376
447 850 0 644
343 356 1 680
387 725 3 553
607 930 10 597
302 871 1 444
367 955 2 743
503 877 8 143
963 972 2 103
431 797 1 465
859 988 1 649
344 457 2 857
719 722 6 701
668 894 6 805
269 332 3 730
216 378 2 705
418 968 1 33
549 979 2 822
782 900 1 536
29 706 2 765
332 458 1 738
378 917 1 702
868 901 1 92
34 499 13 536
572 883 1 329
322 431 5 608
463 941 1 223
665 780 1 872
455 798 3 62
783 904 2 902
772 953 3 154
845 859 1 528
821 902 5 250
286 618 1 537
848 926 3 818
302 916 1 921
269 274 6 699
823 863 1 240
47 750 8 782
41 304 2 732
755 956 2 532
183 800 0 196
262 976 1 443
706 975 1 926
361 641 4 908
756 871 4 120
931 979 2 894
733 758 0 667
939 989 1 563
422 792 2 338
345 621 1 213
91 282 6 608
113 384 2 663
540 908 5 873
770 813 1 391
166 584 1 173
18 250 2 902
588 738 2 68
749 923 2 870
184 757 2 563
896 979 2 513
703 912 1 258
297 792 3 572
790 867 1 850
916 972 1 321
167 268 1 803
820 884 3 767
582 620 2 600
567 802 2 184
914 987 7 538
718 859 2 932
962 992 1 719
964 976 2 327
958 997 1 840
323 580 1 119
252 734 8 465
494 958 6 500
981 999 0 565
566 987 1 397
558 981 1 239
327 376 2 222
797 828 3 440
664 712 3 915
661 967 0 195
249 684 5 881
151 451 0 526
263 530 1 638
886 994 2 912
211 981 1 589
38 289 2 890
479 882 2 969
801 974 2 371
970 998 1 391
129 230 1 865
301 772 2 196
119 637 10 860
192 617 2 722
728 782 1 275
835 959 0 612
956 967 1 105
627 672 3 408
374 505 9 58
785 859 2 377
886 998 1 852
540 965 1 109
802 988 1 565
699 864 2 828
923 926 2 452
584 636 6 574
656 847 7 892
387 636 2 86
555 743 1 567
40 147 8 942
356 540 1 914
355 518 2 876
533 715 1 406
672 723 1 877
488 689 1 99
878 999 1 934
566 787 1 503
189 812 0 330
62 163 2 420
90 715 2 289
334 580 2 245
130 167 2 962
206 795 2 404
41 280 1 83
414 621 1 140
550 690 2 607
162 204 3 269
295 966 7 385
275 508 1 885
686 816 1 169
682 936 2 786
970 981 2 638
564 992 3 393
9 973 2 607
800 984 1 130
761 772 1 138
32 89 1 519
811 947 2 834
19 285 1 798
450 999 9 637
251 905 1 841
66 625 2 641
355 415 1 196
530 902 1 431
239 448 0 317
727 858 1 363
360 542 4 199
155 512 3 222
562 659 2 455
444 927 2 846
50 511 2 599
293 811 5 541
454 821 2 350
831 867 1 466
538 983 1 262
900 909 0 234
238 858 4 425
48 431 4 651
998 999 1 753
504 943 3 259
496 718 2 793
687 734 1 628
170 945 1 762
65 397 1 318
882 979 1 162
194 493 2 911
535 930 1 326
383 879 1 11
123 352 1 16
317 931 1 94
860 933 1 724
214 1000 2 337
223 509 1 400
753 979 0 766
901 933 1 864
335 479 2 581
270 474 2 793
620 686 2 205
108 553 1 767
863 998 0 371
618 757 1 938
209 651 3 851
224 535 3 375
401 965 1 840
716 811 13 898
69 476 1 830
353 508 10 442
702 834 1 336
670 828 2 881
979 991 1 623
329 881 9 328
108 814 5 781
535 673 9 472
626 760 2 131
844 956 4 766
507 540 2 892
101 163 0 365
341 771 2 493
6 315 1 501
309 411 3 422
494 560 1 279
871 887 1 381
310 948 0 149
436 677 0 860
452 785 2 25
786 861 1 157
428 712 1 573
204 811 1 880
181 668 2 164
931 996 1 888
854 894 3 562
550 634 1 819
103 600 1 221
262 554 2 392
595 992 11 82
407 453 1 533
195 737 1 360
300 671 2 502
209 535 2 816
315 404 2 970
935 991 1 744
626 998 6 769
581 590 3 885
853 986 9 116
897 957 1 943
558 823 4 347
563 908 2 857
85 800 2 860
360 579 2 490
10 131 3 738
116 641 1 539
37 853 5 473
920 947 2 817
555 978 6 775
665 968 8 245
614 980 7 441
950 972 1 379
120 241 4 609
988 1000 2 949
641 837 8 937
630 689 1 113
665 718 2 850
846 975 6 554
540 936 2 567
564 855 8 707
551 749 2 623
183 858 2 15
451 602 1 930
385 952 1 248
558 662 2 382
185 638 1 751
863 908 9 826
432 798 1 704
820 932 1 226
272 486 5 332
850 978 2 623
964 995 1 707
353 833 2 684
525 574 7 941
193 766 1 461
408 611 1 639
370 495 1 612
866 869 3 73
629 910 2 695
169 477 1 628
868 962 3 893
563 860 4 163
827 995 2 309
522 834 6 322
339 616 5 387
945 958 2 371
370 926 1 93
124 243 8 258
793 994 2 879
565 793 2 711
383 591 2 2
671 770 2 748
441 556 1 353
927 965 3 685
813 949 2 100
620 841 2 977
789 995 1 484
620 628 5 708
203 876 5 914
883 951 6 983
45 224 2 364
613 820 6 997
151 437 2 921
727 740 2 454
43 742 7 596
439 903 2 820
198 612 1 443
314 530 8 28
220 700 2 380
314 955 6 836
842 883 7 710
790 814 1 465
955 959 3 590
684 956 2 111
746 823 7 356
645 656 1 810
566 586 1 982
257 675 2 288
294 928 3 807
745 899 2 629
278 841 4 521
228 955 2 628
646 903 2 906
106 172 3 99
541 926 0 530
244 701 3 315
649 881 2 468
681 828 4 968
750 853 1 801
440 567 3 772
286 393 1 334
46 287 1 344
109 240 1 511
700 846 2 882
880 931 1 370
749 919 1 736
35 123 2 365
344 823 9 505
906 924 1 214
339 359 2 989
744 972 4 970
977 991 2 877
296 665 1 309
895 937 1 97
740 992 9 369
165 237 3 620
169 478 3 40
282 684 12 81
599 707 1 106
310 927 1 840
444 568 2 417
602 848 2 640
758 942 7 8
813 936 2 129
693 861 1 180
757 938 9 113
748 961 1 220
987 988 6 777
444 726 1 229
197 223 1 306
57 656 2 494
808 976 1 278
577 735 1 693
120 268 1 4
629 891 2 960
69 906 10 274
842 901 1 804
230 524 2 24
991 999 0 962
860 958 2 624
982 983 1 707
545 753 2 430
741 865 4 117
