1000 1000
3 41 34 72 89 29 40 70 7 64 56 33 45 22 69 89 28 49 13 82 14 14 67 15 15 93 92 77 98 75 1 6 45 16 59 13 89 10 20 56 28 78 25 87 11 86 43 97 9 40 53 96 30 94 76 10 69 74 59 94 72 35 52 51 29 12 55 97 3 25 72 46 36 78 89 34 2 27 76 31 51 59 15 86 11 55 32 8 14 78 93 40 16 16 68 85 2 45 82 33 66 3 80 11 29 22 32 74 79 29 21 56 39 9 94 97 27 23 86 90 48 3 24 4 18 85 65 88 44 67 65 71 36 36 26 47 58 42 65 73 44 77 40 2 14 93 10 23 79 17 99 32 48 61 39 37 12 54 59 98 72 28 84 72 9 27 8 5 31 1 15 59 18 91 57 90 41 7 16 42 22 71 97 43 88 26 62 4 47 55 89 88 91 33 60 24 92 70 2 21 68 75 83 93 50 29 71 59 15 37 46 25 23 35 78 4 28 37 9 40 18 77 90 50 53 87 70 76 60 6 16 92 12 13 6 25 89 87 36 22 8 63 4 2 45 70 5 15 42 9 33 30 38 53 25 80 78 63 36 19 65 17 64 2 11 86 71 47 93 33 96 1 23 37 74 30 90 34 35 18 63 75 55 40 54 22 56 57 15 51 84 22 4 56 68 53 19 51 17 72 24 13 45 14 34 3 89 59 26 62 32 7 43 67 41 58 89 61 96 98 76 37 27 21 67 69 44 100 37 66 15 94 17 27 59 6 36 72 42 16 67 54 5 36 26 69 98 85 6 52 39 53 53 57 72 72 26 22 74 30 11 9 67 36 59 8 57 84 68 42 27 24 63 48 82 73 46 31 47 4 99 47 61 7 29 13 78 26 70 81 57 81 5 94 21 11 2 35 30 31 75 95 92 45 10 78 98 62 19 23 32 95 96 87 4 3 96 31 21 41 59 73 34 30 24 63 47 47 14 88 16 89 39 22 89 30 67 48 73 33 41 89 82 34 10 12 69 11 32 18 86 46 26 3 31 15 46 12 27 92 2 27 33 61 72 29 43 95 64 29 94 91 49 64 86 98 16 74 31 88 72 54 32 52 21 14 39 64 1 61 38 64 77 86 80 84 27 51 4 56 13 35 25 12 58 45 15 59 19 98 92 15 43 77 48 62 7 41 43 90 10 71 99 67 11 30 33 21 68 92 27 53 7 11 39 67 90 74 91 19 53 26 95 18 20 4 95 74 74 16 69 9 19 31 64 30 34 49 47 73 12 12 41 8 30 78 53 64 39 14 41 7 81 13 41 96 26 55 56 59 5 40 67 23 63 96 33 35 47 65 88 100 39 94 55 17 1 58 94 77 35 22 54 71 49 1 51 29 42 38 13 79 9 11 6 100 69 71 21 57 49 39 3 50 63 1 68 74 8 29 33 98 100 6 89 58 17 19 46 69 47 51 52 50 72 1 97 98 23 34 15 91 1 55 84 64 86 57 45 73 74 67 45 72 75 57 66 16 20 31 41 65 33 42 30 67 26 95 53 47 54 51 32 74 99 86 24 2 13 28 83 24 86 80 29 80 34 11 11 90 20 82 9 30 24 23 65 60 32 53 70 67 86 69 79 90 73 84 14 12 38 59 3 44 37 58 8 45 81 13 59 98 84 29 22 22 67 76 34 30 29 86 36 76 17 48 29 82 84 64 91 21 80 51 68 2 40 35 25 73 44 15 93 29 83 2 100 60 45 28 99 2 37 72 35 19 81 74 49 60 54 23 94 79 56 54 78 73 30 64 2 59 43 48 66 64 75 89 49 55 9 47 92 67 38 39 53 34 20 87 70 53 36 6 65 71 65 70 75 88 65 15 48 14 6 67 24 82 54 55 47 38 85 41 4 91 84 59 63 95 27 94 73 23 1 97 74 63 79 87 69 53 84 99 24 73 55 98 89 77 100 11 52 91 5 44 11 14 85 30 15 87 74 58 27 4 36 97 100 79 1 81 68 33 29 39 22 75 37 69 31 5 49 64 52 60 75 51 17 93 63 45 82 98 73 40 27 61 68 79 2 89 32 84 61 6 38 42 95 6 89 67 63 39 62 74 69 6 26 64 93 69 78 83 17 18 29 81 7 14 19 15 86 38 90 88 12 75 6 25 65 40 54 94 88 43 40 71 87 100 11 36 3 45 18 84 62 37 36 7 86 40 41 12 44 44 26 12 20 98 35 38 35 33 40 6 6 83 91 49 94 90 23 55 69 79 33 73 33 97
757 954
694 795
29 400
650 802
204 971
429 709
114 138
195 944
444 753
884 996
603 930
121 671
277 304
673 915
306 498
155 789
248 567
614 916
813 923
720 743
549 610
650 673
988 990
208 571
103 445
73 257
405 741
32 558
148 474
888 938
397 408
831 994
192 799
160 845
725 912
908 937
20 123
38 179
624 887
646 679
77 406
129 694
829 836
633 736
353 896
229 362
391 410
305 871
468 1000
211 654
698 792
10 13
551 769
646 972
707 914
684 773
246 896
211 805
131 469
518 985
128 514
115 473
941 942
158 919
944 985
316 754
279 989
815 927
552 614
633 649
274 491
19 675
70 599
915 931
147 359
253 289
183 876
137 280
313 790
752 945
102 963
403 826
2 443
25 931
603 962
322 343
626 907
899 903
259 437
202 718
49 127
182 958
520 638
642 952
259 357
428 874
485 628
470 636
874 919
659 896
843 855
31 965
793 971
975 977
583 584
6 787
186 818
41 482
171 590
330 860
533 994
675 747
638 828
1 362
942 977
693 850
141 614
568 673
233 588
91 799
484 641
3 203
245 567
4 756
94 341
206 274
896 963
66 540
18 265
338 565
100 897
927 953
335 421
153 951
235 944
98 168
261 378
547 737
686 984
532 773
781 974
657 897
162 988
956 969
574 904
189 889
857 975
74 385
56 971
698 816
662 898
385 463
373 987
500 648
448 942
936 960
281 342
61 961
380 957
231 833
201 611
688 978
36 586
87 112
787 801
701 841
870 975
219 271
860 975
157 863
49 296
116 217
339 384
438 806
522 998
393 402
5 16
954 956
538 610
416 966
156 367
927 954
88 657
356 992
597 686
395 738
648 827
105 176
348 497
778 831
868 943
300 377
12 90
886 978
438 659
450 591
249 964
526 986
434 854
59 423
44 733
606 871
150 557
170 731
289 896
8 92
429 451
313 829
292 565
953 984
613 821
40 347
340 665
350 882
595 843
89 746
244 270
491 896
866 963
548 834
389 487
101 785
418 486
299 446
855 956
83 370
52 900
459 694
242 408
540 602
270 494
633 753
23 667
480 932
180 618
338 868
718 809
53 202
846 938
418 433
61 96
95 313
367 572
975 980
749 838
878 938
209 260
79 205
28 973
254 852
33 194
709 931
756 798
998 1000
17 919
510 609
939 940
849 932
184 661
623 921
535 746
257 710
301 383
911 917
975 999
458 919
714 970
414 983
218 845
963 994
370 990
161 382
996 997
258 695
721 756
159 601
901 926
946 960
255 680
560 988
216 267
492 884
164 873
978 992
901 979
149 313
775 804
271 988
352 464
32 932
497 546
665 706
220 298
49 237
133 513
55 199
322 466
585 753
422 935
115 983
786 924
320 509
24 604
357 723
359 890
670 788
976 993
433 467
278 647
796 994
68 196
389 495
76 148
372 950
476 816
622 722
125 697
238 365
14 159
508 956
506 809
349 836
631 719
538 981
399 627
251 360
840 969
208 471
788 853
658 812
435 587
112 566
143 599
57 383
539 711
78 702
724 1000
160 266
582 584
758 776
84 603
118 169
290 441
779 952
286 435
256 714
928 947
555 952
425 645
317 368
369 946
730 852
260 556
664 722
245 294
655 896
352 704
119 298
510 700
58 94
71 663
408 761
599 674
740 973
367 454
439 763
687 872
561 688
310 682
288 653
246 287
144 188
839 917
299 507
579 993
194 245
9 199
612 939
542 577
762 833
403 419
592 927
676 848
183 399
542 657
785 920
748 859
829 898
536 877
172 251
400 864
26 819
42 181
148 584
163 777
516 986
30 185
774 780
902 974
569 608
410 581
320 620
594 703
35 859
507 984
758 851
97 742
94 932
238 503
712 959
974 990
188 592
529 600
137 945
432 710
541 576
208 495
659 800
177 726
27 397
881 926
529 539
223 422
594 936
521 704
135 598
396 892
126 785
772 930
976 1000
401 674
797 996
638 993
360 776
472 692
593 993
528 554
953 993
753 847
273 677
166 272
537 590
293 559
183 282
129 277
133 710
99 121
501 903
682 850
422 689
52 940
124 200
199 524
379 406
775 954
872 898
165 454
823 848
744 897
191 213
488 522
205 564
918 974
124 480
150 376
187 691
493 860
118 238
447 928
39 404
531 727
142 342
833 899
426 505
512 793
138 414
145 867
325 915
82 610
548 948
419 529
86 352
505 796
520 817
936 984
7 66
514 952
797 854
878 945
467 738
113 472
263 326
863 951
789 884
43 896
50 393
106 832
38 381
586 701
393 553
891 919
66 344
786 832
309 977
478 991
414 511
799 922
792 866
854 932
736 966
573 860
228 884
308 714
226 613
862 884
906 963
108 386
699 954
366 753
605 618
81 494
871 975
525 880
445 961
957 987
139 968
284 916
15 505
964 996
466 745
233 592
242 949
137 771
903 917
276 433
644 763
411 442
148 409
232 736
937 940
212 827
897 934
888 956
542 958
479 497
546 748
333 975
390 646
574 647
460 896
519 824
60 854
852 875
909 947
396 996
734 896
819 954
314 745
3 344
442 591
5 811
970 998
665 722
46 439
630 878
618 907
457 622
428 968
227 269
514 821
727 805
108 627
296 868
387 564
679 998
417 600
592 751
640 953
293 668
563 590
645 780
416 453
629 912
494 932
677 989
650 965
481 544
296 750
957 974
264 979
822 844
290 522
607 630
741 920
795 867
790 856
547 632
116 621
116 579
877 901
67 72
645 984
13 676
331 479
117 735
252 433
568 589
524 666
908 935
225 882
243 363
706 864
148 247
892 999
482 646
858 894
108 535
635 827
745 984
647 929
788 848
45 674
183 319
164 514
297 424
876 889
708 913
248 773
51 746
440 594
86 765
439 545
46 504
449 628
183 224
883 921
567 980
65 416
678 782
393 835
339 413
820 952
2 403
122 937
323 511
705 923
717 966
428 823
484 975
120 791
416 430
784 970
210 502
452 849
312 540
956 966
841 932
222 937
528 551
739 763
744 976
382 961
959 969
347 489
254 625
196 847
880 972
374 814
966 978
551 916
272 955
198 958
760 955
661 865
410 469
750 755
534 911
213 903
879 988
719 929
614 660
260 890
617 879
197 301
355 926
291 535
763 934
914 929
125 736
214 529
556 561
791 855
702 990
97 392
382 719
131 520
732 863
836 950
69 388
712 783
168 715
615 616
770 976
375 856
151 578
59 320
759 816
378 841
61 285
132 849
530 632
190 940
571 637
656 671
281 863
364 781
215 387
634 953
262 541
503 648
146 421
63 252
811 944
764 936
351 782
362 635
336 781
765 922
17 110
973 978
72 358
544 839
818 875
47 675
387 777
148 394
410 412
92 390
352 865
442 551
107 317
650 990
601 924
672 763
111 675
372 708
983 993
109 541
321 322
361 928
894 910
315 474
245 675
37 449
213 570
31 174
108 990
713 755
925 995
768 919
546 611
888 920
904 995
981 986
619 869
178 365
137 810
534 575
690 808
123 259
805 987
822 895
408 479
415 755
193 856
85 883
144 234
681 897
95 332
377 492
48 201
704 961
154 760
69 646
152 509
108 490
93 457
475 674
137 596
556 882
385 854
286 988
527 721
77 407
11 194
267 477
393 667
67 968
44 750
17 20
80 274
142 566
119 846
277 695
878 905
926 1000
268 1000
163 978
644 967
371 977
64 311
409 841
645 706
515 686
274 465
356 782
666 817
644 663
824 910
726 818
517 855
822 835
187 578
236 718
599 883
679 906
173 293
22 239
745 833
830 902
241 269
96 254
827 877
306 739
482 502
295 404
230 289
519 842
485 804
240 921
835 958
618 917
950 998
787 954
794 970
483 502
329 933
66 266
347 699
990 1000
385 923
470 800
578 728
551 743
363 543
639 872
680 968
352 495
557 580
179 188
696 813
354 562
427 789
193 760
519 743
949 968
885 929
719 924
138 729
34 389
440 793
883 927
360 409
892 952
54 479
819 981
455 795
275 545
456 816
523 702
288 362
399 616
218 732
334 752
326 492
240 250
624 926
767 917
136 986
198 999
406 643
456 808
620 807
867 905
436 807
140 867
667 842
557 734
728 915
64 717
552 629
21 860
94 496
543 608
576 638
165 882
550 626
461 737
185 299
345 950
870 951
510 754
105 825
991 996
258 562
324 679
117 998
104 223
809 864
167 826
693 973
317 528
828 968
718 935
327 456
175 220
62 603
645 962
658 749
371 431
265 353
652 962
550 716
58 807
302 646
111 499
329 689
548 985
738 957
221 230
387 643
755 792
134 342
307 697
740 814
680 742
75 134
387 754
421 904
787 838
385 404
170 836
746 837
683 711
37 207
561 692
305 548
149 420
339 885
803 854
424 633
346 793
218 737
126 537
328 917
318 953
705 766
669 774
398 491
185 269
947 986
207 216
239 529
631 927
543 889
283 627
462 787
861 889
130 903
756 992
90 694
135 718
689 715
746 893
559 946
445 711
604 829
141 513
651 830
656 940
42 127
303 453
977 982
685 779
337 928
176 971
677 758
422 619
2 383
260 590 2 929
225 628 2 879
886 928 1 529
688 933 8 494
598 877 6 116
93 527 2 291
515 721 5 474
907 926 2 405
501 635 1 503
886 958 3 288
583 688 6 60
367 982 1 589
432 635 2 383
886 912 2 143
411 976 1 868
800 882 1 851
260 796 1 62
151 215 0 507
151 351 2 873
374 523 1 684
83 205 1 534
345 992 3 65
973 998 1 600
504 564 8 912
19 756 8 366
387 567 3 461
215 946 2 259
939 992 1 182
683 814 1 259
592 754 2 604
145 406 2 102
444 693 1 684
699 847 1 212
233 969 1 732
159 966 1 685
978 984 1 650
612 649 1 717
84 753 2 401
960 969 1 887
232 859 1 146
35 430 2 389
712 803 2 947
68 182 2 941
100 736 1 366
306 712 0 80
655 717 1 659
717 778 2 106
777 880 3 564
531 649 2 587
585 918 4 547
416 653 1 535
562 624 2 804
304 375 3 710
42 120 1 806
694 755 1 35
284 791 6 15
743 791 8 587
129 948 1 944
228 596 2 246
508 813 4 387
855 923 2 502
791 999 1 564
145 331 2 849
595 788 2 398
354 440 1 209
120 190 1 557
459 706 1 510
280 628 5 133
775 855 1 895
595 791 1 68
101 819 2 542
757 801 1 220
485 683 1 280
647 752 1 858
741 995 1 935
878 962 1 139
775 971 1 739
899 938 2 871
542 945 2 601
404 846 1 682
245 334 2 243
739 945 2 642
739 888 1 874
956 963 1 87
267 287 1 438
713 804 1 735
388 630 3 138
938 970 3 556
794 888 1 400
349 878 5 896
888 957 1 723
568 610 1 734
462 861 0 704
40 687 1 518
610 824 9 513
811 812 1 740
747 815 2 428
949 981 1 504
670 812 1 885
347 911 2 896
971 986 1 207
686 954 1 962
664 947 2 739
622 838 2 744
939 954 1 851
819 914 1 361
765 815 1 808
352 815 3 133
337 909 1 146
197 254 2 782
381 637 1 167
599 925 1 362
233 413 1 533
188 400 1 675
475 597 1 527
85 640 1 841
674 748 1 464
883 892 1 358
883 932 1 554
233 494 2 727
47 401 1 857
381 617 1 820
887 921 1 597
883 887 1 152
365 401 5 807
22 380 1 396
376 445 2 158
254 934 1 404
600 985 1 47
19 239 1 184
494 539 1 43
539 807 5 235
279 730 6 102
445 989 2 271
445 958 3 710
529 818 1 346
421 984 1 247
507 799 1 255
440 995 2 272
352 546 1 128
983 995 1 968
413 584 2 133
39 192 2 375
991 995 2 38
952 961 1 229
747 914 2 318
765 871 1 580
844 961 3 855
967 995 1 870
91 565 4 134
15 421 1 390
161 441 1 233
313 487 4 294
193 487 2 637
865 872 2 831
707 876 2 231
34 325 2 365
650 719 1 418
535 940 1 847
168 687 2 994
656 679 8 902
141 929 1 457
159 342 3 130
605 939 2 279
104 929 1 916
612 671 1 714
180 935 2 243
318 664 1 615
665 670 2 218
131 864 3 265
198 664 1 872
112 598 1 132
773 933 1 443
422 739 2 661
778 933 5 960
706 778 2 45
441 664 2 978
340 639 4 34
117 223 1 972
457 654 2 320
336 457 1 867
706 802 2 288
687 962 1 463
594 714 1 115
548 703 2 444
971 982 3 565
176 315 2 252
729 971 4 257
507 666 1 821
839 962 2 66
917 936 1 742
833 917 1 475
481 907 1 24
469 544 1 387
605 701 2 941
685 833 4 403
309 917 2 306
570 725 2 421
191 504 2 579
750 899 1 625
180 292 2 782
476 762 7 519
369 974 0 792
536 907 2 34
723 918 1 14
83 723 1 215
488 579 0 54
43 634 1 663
621 934 3 608
50 984 3 5
566 953 1 320
218 768 2 217
696 745 1 121
172 428 5 766
748 944 4 789
139 170 2 787
650 823 1 40
451 968 1 298
511 673 1 342
282 828 2 965
949 990 2 345
761 913 2 278
828 872 1 800
638 955 1 20
388 638 1 422
242 390 1 747
655 968 0 611
491 666 1 818
412 967 2 455
138 450 1 691
109 133 1 743
511 842 1 587
153 410 1 728
817 958 2 357
958 993 1 596
511 817 1 181
496 582 2 440
696 854 1 277
326 851 2 713
851 934 7 490
60 624 1 169
624 807 4 693
436 965 2 532
32 872 5 345
509 580 1 388
423 684 1 938
766 941 1 201
863 932 2 178
480 494 1 377
803 870 3 389
157 854 1 782
75 613 1 830
21 385 4 315
263 388 1 66
291 991 1 898
587 821 6 438
523 820 0 806
555 889 2 97
266 872 1 760
632 720 5 86
142 916 1 173
134 439 6 480
580 863 6 123
942 970 1 805
970 977 2 863
166 977 2 618
365 951 4 590
212 641 2 122
931 985 7 443
987 999 5 919
985 987 2 157
980 988 1 826
518 836 2 847
871 943 2 216
182 963 2 134
824 842 1 140
912 975 1 423
614 842 2 219
822 894 1 714
450 470 1 707
73 955 3 117
894 898 6 726
536 614 1 630
393 608 1 909
950 967 1 481
100 934 1 286
353 636 1 852
398 837 1 587
395 470 1 652
727 734 1 360
456 624 1 92
755 876 1 482
210 790 1 60
646 990 0 865
533 587 1 135
441 879 1 622
355 533 0 663
170 608 1 210
189 386 0 38
727 893 1 108
979 998 1 177
738 931 1 662
915 957 2 349
979 987 2 769
95 401 7 486
456 776 2 338
606 925 2 602
553 896 4 37
390 640 1 929
316 879 1 961
997 999 2 807
367 747 8 417
388 407 1 703
325 882 1 663
977 987 2 129
360 570 1 304
684 956 8 200
988 998 1 355
304 332 2 810
321 592 1 726
493 922 7 34
228 830 2 806
679 693 1 520
666 816 1 201
243 381 2 75
300 812 3 988
46 392 6 545
412 592 3 18
657 901 1 516
594 756 1 284
204 756 2 957
674 683 1 152
752 926 1 627
685 920 1 691
155 207 2 645
735 863 7 637
13 558 9 479
975 997 1 718
461 602 3 222
85 870 2 189
836 874 1 899
647 790 0 101
719 919 1 424
707 867 0 218
138 617 4 929
274 430 8 602
639 641 2 521
521 989 8 63
82 253 2 139
54 992 0 870
182 261 2 719
597 959 1 79
247 711 4 876
977 979 2 126
66 534 11 495
122 162 6 866
623 725 3 244
525 958 4 765
286 859 7 802
516 652 2 720
550 760 3 776
592 851 2 76
298 365 2 509
663 883 1 806
895 896 1 64
314 613 2 668
782 950 2 510
151 570 2 812
785 965 1 750
169 937 8 954
97 886 1 382
739 850 3 959
345 571 7 257
887 891 5 205
499 695 3 950
253 465 2 658
334 617 0 347
83 679 1 336
591 831 1 746
190 437 2 907
579 935 2 740
570 979 4 522
211 616 4 540
16 77 2 811
371 712 2 847
95 788 2 415
451 821 2 317
616 936 4 702
682 903 1 352
443 532 3 307
377 696 1 467
402 999 1 968
770 829 1 506
550 634 2 574
206 479 2 356
688 857 1 45
770 923 0 612
948 971 2 840
623 890 3 789
954 955 3 32
214 929 2 149
109 227 4 36
288 935 1 4
635 929 6 413
883 932 2 490
27 52 2 547
78 240 1 805
131 375 0 80
905 983 1 172
938 990 1 892
787 866 2 139
428 955 2 884
820 842 2 469
534 900 1 643
715 935 1 22
236 780 0 779
243 666 1 536
585 979 1 371
622 961 2 736
437 624 2 976
512 746 1 985
746 987 1 671
263 396 1 368
845 942 3 826
566 862 3 743
333 878 8 895
534 600 8 581
393 1000 1 452
60 425 2 611
789 996 0 956
431 850 7 18
876 971 5 535
441 972 1 648
264 465 1 103
742 770 0 690
431 514 1 869
156 762 1 383
232 240 2 352
597 854 1 789
262 838 4 88
396 730 1 778
194 569 1 867
485 789 4 1000
556 920 2 324
892 925 1 620
767 818 1 53
415 558 1 192
644 942 1 387
37 126 5 479
383 709 1 23
424 478 2 864
691 737 2 372
516 799 2 724
826 984 1 34
526 710 2 930
343 750 8 232
54 737 1 474
991 999 1 992
823 993 1 31
285 956 0 259
519 565 2 582
875 940 2 564
775 947 1 571
326 660 4 923
961 974 1 406
786 867 4 844
317 358 5 455
265 313 1 235
542 638 1 615
409 676 1 215
550 877 6 511
346 677 3 3
368 769 1 646
565 767 2 994
522 963 2 874
207 704 6 996
27 255 1 710
604 869 1 120
842 996 1 911
264 741 1 748
941 947 1 111
102 465 1 435
208 899 1 266
706 719 1 348
49 973 1 657
133 190 7 118
56 524 5 60
569 931 1 53
509 691 2 494
192 419 3 766
156 405 2 933
844 916 1 288
198 902 1 163
84 888 2 453
32 373 5 251
638 750 1 820
696 937 6 447
121 314 1 5
460 989 1 929
692 810 3 715
829 862 2 868
56 922 3 759
453 667 1 688
356 507 3 270
678 791 1 610
494 717 6 458
57 621 1 858
736 898 2 259
984 995 2 409
747 950 1 98
766 830 2 431
394 412 1 260
517 612 1 989
737 782 1 23
155 451 4 481
100 528 2 643
234 428 1 676
481 667 2 856
660 900 4 682
659 680 0 753
976 994 1 473
663 979 1 648
941 981 1 17
141 370 7 448
237 925 4 962
972 998 1 155
473 705 1 873
923 955 12 96
303 899 1 933
82 99 1 596
472 940 2 338
480 870 1 53
440 746 1 165
378 949 2 679
639 915 1 73
362 799 1 33
148 502 2 109
857 876 1 985
228 253 2 458
653 791 2 512
718 889 4 133
712 934 2 303
212 656 1 694
884 990 1 445
487 652 2 466
124 537 3 853
651 690 2 63
484 908 2 562
821 926 1 894
523 799 1 620
764 774 2 178
400 543 3 948
146 537 1 186
704 893 1 602
822 909 7 955
979 985 1 421
23 586 2 389
673 959 1 629
90 967 2 524
273 303 12 622
77 393 4 898
398 701 1 211
608 727 1 757
143 986 1 475
482 565 2 54
69 290 0 203
430 853 2 789
565 821 10 55
935 972 4 191
407 921 2 452
742 919 2 678
602 820 0 10
285 487 0 907
939 956 6 751
155 570 3 83
43 561 4 862
84 971 4 561
227 765 1 872
395 496 1 672
458 815 1 246
805 825 1 466
913 941 2 237
333 523 1 970
231 753 0 576
185 696 11 72
197 528 1 676
937 975 2 102
237 972 2 34
701 840 7 841
673 722 1 601
446 875 1 73
438 759 1 445
365 518 2 711
841 849 1 909
410 894 1 621
512 741 2 653
736 840 1 274
696 801 1 393
305 594 7 247
222 233 1 818
717 785 2 168
9 885 1 712
495 841 2 971
321 436 2 124
351 966 1 919
957 970 2 902
698 789 1 781
997 999 1 938
921 955 3 419
126 422 1 715
975 991 1 262
951 974 4 428
697 869 1 496
754 797 2 827
375 648 1 163
759 876 2 703
332 779 1 48
608 638 2 663
521 646 1 813
336 802 1 946
711 984 0 143
237 342 3 876
295 827 1 724
216 471 2 565
608 885 1 227
956 986 1 201
519 693 1 547
89 819 2 527
390 1000 0 248
57 483 9 27
147 943 3 207
259 884 0 812
203 963 2 149
976 979 1 841
242 323 1 577
683 913 2 76
876 977 1 34
993 1000 0 988
423 921 1 1000
53 162 3 667
797 826 1 141
745 778 5 928
880 994 3 465
182 628 2 896
180 311 2 49
949 977 2 929
245 262 1 191
438 748 2 486
515 552 2 528
346 981 1 649
579 856 2 174
24 545 1 712
1 860 8 18
858 882 4 55
683 983 1 677
605 684 9 880
753 846 1 383
862 888 3 59
139 756 2 920
306 407 2 696
26 40 1 36
897 962 1 130
680 701 1 716
594 632 9 65
282 420 0 33
237 817 1 563
780 883 2 464
728 820 7 450
265 458 1 511
70 716 1 957
344 397 1 403
380 929 1 131
758 912 2 81
711 811 1 207
784 947 1 90
435 607 5 272
615 879 0 454
214 656 5 917
684 980 0 168
826 904 3 924
184 657 1 433
692 726 2 403
175 483 9 726
556 644 1 532
968 990 1 18
913 945 6 620
449 482 2 21
215 474 13 860
903 946 2 244
120 184 2 760
164 275 1 164
741 744 0 495
263 478 1 564
418 659 1 522
823 963 3 948
519 603 2 402
222 707 6 106
430 552 1 37
712 806 1 611
896 953 4 398
426 656 2 164
554 587 2 593
181 801 2 994
954 978 1 737
156 329 1 566
839 915 2 325
94 261 1 653
608 793 1 495
364 891 1 332
418 741 2 165
759 937 6 144
950 991 1 955
502 653 2 805
575 671 2 81
896 976 1 941
152 853 14 43
601 757 3 443
799 867 2 451
657 830 3 444
864 971 4 234
932 992 2 33
930 939 1 742
991 997 1 388
456 504 2 674
735 819 1 599
414 678 1 749
658 850 2 71
578 666 4 576
965 971 2 701
745 904 2 918
855 904 1 944
165 755 2 192
15 388 1 927
41 258 1 763
381 434 1 613
813 995 1 590
510 751 2 649
668 911 3 173
715 800 10 789
598 659 4 146
422 540 2 460
198 486 2 389
421 443 4 9
852 864 1 786
362 918 1 588
501 612 1 962
546 838 4 888
98 473 1 197
494 788 9 902
398 603 1 594
129 835 3 389
836 972 1 423
568 618 1 422
706 845 6 21
972 998 0 911
863 925 6 992
690 844 0 629
424 561 2 647
854 974 1 93
966 991 5 813
77 440 4 200
661 696 2 556
807 919 9 963
337 834 2 208
985 996 1 275
656 950 2 767
901 974 2 392
917 943 2 213
595 624 1 837
72 655 4 442
35 883 3 475
502 696 1 475
161 912 6 300
518 613 1 752
599 773 7 767
596 599 1 631
557 778 1 802
503 995 1 969
252 776 2 154
746 890 2 821
360 482 1 843
231 569 5 408
380 478 1 936
524 817 1 520
118 355 1 918
358 779 1 139
926 959 2 282
136 211 5 840
730 892 1 118
122 292 1 794
744 822 1 43
897 971 5 369
921 944 2 308
407 888 2 669
848 936 1 431
917 953 2 286
57 712 3 460
90 628 2 465
542 746 1 131
839 931 2 468
729 925 3 75
560 613 5 109
780 843 4 824
213 354 2 756
689 944 1 419
116 345 1 459
995 999 2 453
900 903 3 632
985 992 6 110
960 973 2 32
390 669 2 631
576 995 1 745
627 740 1 61
480 538 9 234
42 253 4 359
918 929 1 507
155 594 2 350
926 976 1 528
224 672 1 970
679 865 1 652
242 871 2 732
166 285 0 137
888 905 1 233
329 533 5 968
609 660 2 229
243 806 0 291
284 317 1 355
807 950 1 196
100 499 1 75
241 272 10 211
471 783 2 478
334 862 1 156
907 954 1 893
998 1000 0 216
963 977 2 695
863 998 1 814
239 445 1 792
204 904 3 866
421 791 4 450
930 953 2 605
840 954 1 350
131 338 2 543
681 770 1 83
859 931 1 895
180 581 2 901
843 973 1 244
41 541 1 198
89 230 0 342
120 376 1 514
526 829 2 894
987 997 1 259
81 664 1 287
996 997 0 11
978 987 2 328
280 456 2 606
193 893 2 290
774 816 5 339
408 494 1 269
965 975 1 213
798 860 9 153
443 645 2 309
944 997 1 762
37 289 6 855
3 828 1 512
143 225 1 960
617 893 1 795
262 314 3 112
130 259 2 708
699 901 3 228
53 857 6 530
901 906 1 838
236 352 2 109
972 995 2 57
986 991 1 295
453 738 5 800
470 729 1 209
449 830 1 671
886 930 2 508
335 549 0 707
787 999 2 913
186 188 1 465
893 908 6 36
665 719 1 392
219 315 0 320
62 906 1 178
483 765 1 302
950 980 1 70
940 982 2 766
947 974 1 667
299 924 2 215
491 827 5 436
742 815 1 145
251 635 2 931
45 812 1 953
649 866 2 273
813 989 2 267
864 983 1 898
805 864 2 849
722 924 2 69
699 964 8 168
513 569 12 242
414 991 2 49
707 743 6 541
607 806 8 814
920 926 1 89
854 896 1 694
373 751 2 404
965 975 2 913
169 481 9 354
737 915 6 961
356 750 8 604
228 267 2 1000
742 926 1 131
141 622 1 498
749 918 3 153
417 725 2 710
593 607 4 39
60 111 1 348
942 992 1 922
231 574 1 573
607 939 2 640
106 932 1 434
951 993 1 299
942 946 1 534
780 846 1 228
346 967 7 322
294 483 2 974
832 944 1 178
746 775 1 819
390 822 4 621
11 944 1 341
562 948 8 434
803 826 2 284
235 553 1 916
587 697 1 803
344 582 8 760
762 962 1 406
210 580 1 66
577 695 2 420
77 653 1 133
756 770 0 69
722 750 8 429
970 997 6 164
837 882 3 562
681 740 1 260
470 945 0 987
556 752 2 709
508 671 1 304
345 951 5 995
662 943 0 786
529 700 2 794
31 195 2 628
122 710 2 895
763 832 0 567
366 926 1 227
6 260 2 509
842 911 3 669
790 991 1 616
247 482 2 749
527 753 0 922
561 888 1 387
240 448 2 70
359 644 8 969
597 628 1 232
26 460 1 598
520 954 1 130
587 858 1 737
239 638 1 485
648 905 4 743
829 998 1 224
625 740 4 142
5 334 5 1000
993 994 0 470
227 429 6 354
546 789 1 606
128 682 7 106
924 980 5 583
93 902 1 417
951 984 2 425
576 901 1 48
747 813 2 209
664 758 1 20
609 886 1 740
909 956 1 343
500 786 2 740
605 619 7 842
787 988 4 326
575 594 1 904
250 490 3 502
69 136 1 179
626 836 2 37
721 945 2 148
117 1000 1 97
248 395 1 498
898 918 1 533
259 802 1 362
647 996 5 260
95 141 2 431
21 128 1 893
400 817 2 482
