50
433273 724023341929
453404 700086499282
151585 7189652353
922526 717080750263
736385 298203760401
736367 401372207371
365481 1316488701
681401 644633172721
123233 4225884445
418365 507063053917
657272 280730751
811745 8640584257
838241 8055939061
244169 677381777491
446779 741352351015
682871 6861794401
785601 1085148991
415451 6557218861
922257 159087169
478625 3085547815
205313 640567802561
913565 1248498177
140276 8944461451
615701 399965214076
314318 5021645593
983081 401866614711
760641 8973047521
563713 155860831
222761 769398109723
652800 319005877
848801 5721211981
178269 7394779761
717446 7119244801
204133 1451541289
850331 650729758861
197597 8619648321
556185 3316530601
137441 24284398985
113021 7270289249
360506 663784030355
238105 2100554569
532701 600545343961
117825 715622146393
656948 261743814190
545501 389046393721
582571 122736934129
606377 4905665353
380831 382439165005
295841 303509777601
867521 44901121
