50
408938 545800002961
317609 886670836507
698641 56726420402
462337 4814076700
943820 4797625959
169571 3082706605
565121 146997036773
528081 6612475701
484625 112802113
917681 49519864321
738641 7661834161
789989 53275074049
316511 3299984401
655931 160023227689
250001 787777424971
541481 1868676169
743841 34574148289
432961 440945887132
485977 7886125801
804785 541505861101
859601 4778360033
992081 3290015455
315901 81380581
223841 956071881
726956 4754019367
753593 791172199155
812361 177080288041
933761 313557423121
275501 71160630241
658469 313049652645
677705 402886932221
363157 132785303239
255905 5900476201
394026 1575818161
316097 235715086
846657 39291577
644993 512243305321
263777 7061309437
566963 149856525241
972053 8120192401
355321 178122338497
174260 6860650220
718625 3018050431
967474 792726152181
561961 39725756641
142101 391660420009
371075 941976205
197729 853844214601
490349 1078090145
191181 15877849831
