50
207897 60577043191
530297 60822391441
692801 60640197387
983441 423475201
887582 385965433
762781 37439943823
486817 709198651
247085 521935057
436751 403069919
899216 753851529
945131 83037441
886961 14654111041
855233 47948537278
363233 44708347639
883901 62137075969
669809 16068671686
845957 2275352461
322901 554420885
952289 1632491281
388976 22527211521
995591 114012481
517929 502102567
486353 626463409
944417 31669444321
688457 635951649
548005 305516321
854201 94005761
126113 63261937979
775667 7134506201
881201 637079065
323351 2474319866
952961 53673074191
581321 118402561
134159 341059681
372341 47682108849
614497 820720801
394631 864339713
868763 46542625
628715 79375541797
722201 34041975589
817121 111756869
139451 317673001
186221 54519391825
900332 9352377241
780545 181005131
894785 4244347315
625151 36114203431
759801 496811677
541001 16127452441
776481 47117593621
