50
319223 7746141
578873 57296161
186761 45138073
546779 68797333
796181 20209081
918326 74461681
773247 1051066801
521721 1246748401
971441 36661096
968001 10118269
469829 45701641
745527 481038859
339212 1598916241
590281 5255510473
859901 41759530
676505 3659701161
129985 731881
413441 67626919
937341 65603383
742657 63635137
977321 62143588
884321 302066149
349076 8507186251
882989 4743284761
841601 20219330
795689 7877291248
956441 3942348721
634925 8891858901
210305 2192542375
958133 8249023831
212801 179480501
277205 47362665
349553 21018169
622685 988866411
992225 52278385
674897 56632321
977061 59860873
944711 48135376
603587 8861640441
270941 38734921
911801 1751614937
670496 75534251
265501 5025366181
453506 8232334491
488069 8172656857
759701 6229077787
858872 47017549
524021 19621171
579479 88375321
291701 74982907
