50
119789 7950437397
616401 2068754551
250817 8637602801
623801 36913921
295097 777831283
435341 8913376876
554141 89073529
940691 83602289
831669 36746947
815591 7029533731
723701 7706863711
353099 75015813
831494 6638505069
245033 8964306361
131745 386001
144306 8573682766
618041 54686261
289889 83760937
174809 1319053
168256 3691516297
613376 4193035
508666 5645612863
273658 70593697
260246 25836337
249521 6125733871
639521 5882456524
204509 68729041
693281 17998181
805401 30882376
441837 758845
405553 49753459
557651 84846451
822521 22334561
939417 5277114724
515873 1302040286
286001 509672166
865301 8421576086
757561 3040589329
981713 8694452276
855101 7503002113
410951 13548649
475001 78853345
497090 69919537
455393 1386871741
650801 7595622205
214787 33614251
546377 44275413
193961 49914221
738281 31654972
307841 8709332524
