50
865163 65505842101
123581 4229490236
194873 2642247117
269537 2049763201
559001 5308945885
799781 7329898273
490124 203755459252
906402 7226936605
498377 557707974523
506256 547212582601
555401 4174116049
337661 363081654951
948449 8911684309
595478 4948358873
158261 5195562153
747791 330590445457
525793 8347886713
208921 8321659265
558497 685396085501
225130 490087663576
184001 519990348385
957852 889963609809
317801 6922673071
281856 70968087681
857153 1557539929
551191 428321163361
460961 329604918321
984641 210249664269
670169 795451392001
692554 604574401
898961 435690320041
241985 889532336713
217305 545480946289
630153 8697754369
109851 197756443585
380241 6279811401
638369 4123035361
651677 7259798953
491177 4612992841
246365 1125701056
107449 5410156111
152801 52799749665
299750 581071927509
826305 5892265833
303955 32246889130
272137 8056193686
651121 693984592621
469311 204624550633
986465 196964649613
478505 824505158827
