1000
646933917621260554 937829858849077247
530038384828643322 863028951908957704
647770727594321174 283255568551505681
456556461997414731 6614837793919009
14025237244397019 832491374364930259
930188047107126490 727382332972776407
533342888465678769 216232965864314735
415369339919278494 999395162325063155
121195498916412466 102670482997966414
441201797667935186 312180313728005247
82908188159000119 575015136848410
557565685389143278 391413932416958148
834134165788362200 285546022156101818
208375625799240619 154718222703803722
162635369114637936 614959774845473112
605328741119106051 43962976988637658
866427017494628502 648408950075653213
836587857847445293 828352078029848446
98099590044277283 768318158561889138
893380780153201572 89646543299873407
849971505544855090 494610903855937920
84491331301442848 636690749709891684
368756079287332122 358387347909847728
62999354870451355 461631537055311864
876212234134500468 316415346059754602
934858380367190092 225070884701616452
678074002341365531 471992265394378073
826765558581261230 517600261883633040
496246513261464870 642251970155459941
65436152200570745 274995358720976742
730586638546088943 79026640106325431
745156805374036390 957033162816658062
26561819118190094 883443357558139063
531012789912571246 351000677213813777
995935960606659422 32417828719266320
296926991471809354 209522804640670265
937244216105718006 487513513550655145
234413498101922036 53719212082578575
250600690171124015 374180929861633197
573369042355743076 199522130271456219
463981039978488740 90863073769649027
149591098290613459 172589600060514854
189336036390735148 335172485996063702
972436715958253754 581666577565958842
454822730667599840 365882990413133709
98394731705221075 380365578292562463
813593226313861915 29388226726513106
351630922897768982 46617078872229406
64480564850205556 868279313943498511
279820088643493051 385685645221479874
431343581951673029 301006362639318251
486693875849992766 168173745089538385
213126347699957798 36545431801012816
893610318191460949 86135301609108054
269046017977268210 641951811275110247
307212668451334650 14821147681313690
127522350245034944 957132536022773145
599020538822919015 109552907607687461
12601045412299369 121340103174651791
508234924982021652 385402269543841856
799856194080245768 987804243428933938
973899009421018810 272688641316419445
501718876161904116 844417820780982187
91222815863879506 114574481831886476
376125193094179527 981219735488823651
749481474066302742 734196371058978447
647342894318393945 105272997887604227
976231649780738686 920310262554489286
73419101242691012 672966265990555252
422640135785894723 77069448738853819
514085443074243425 387046223723435230
83993827608084574 862345037087904054
109786234281488073 987754010754284716
102645480787021320 531942373655210048
932054582785349844 902955023973507718
100561541229381051 883518230356518947
468559512454520732 580405270723372116
52542513935789614 906780993448018280
37948839662202490 902383157376026945
630544941786815324 962729947221398999
898637947282179590 447646038139425204
300731214404599422 45576662059747449
581005767026035739 823555838314596184
126309763712316939 114905792403590552
149527266216074191 469200739864333588
641072097378540989 287075556298521276
75817894651827582 140688591291838227
111384543806971534 238040179357505199
42107105309601471 561030417442468540
21094638216609462 547425577573804409
37795579847213676 58355351169361593
416099392032829870 725023085112888420
703917938436055198 674875312009556723
902519465601072 931475337935976952
206539038938390189 428665650309408916
330296384518185011 392908049492794878
569125883252926259 798782641685402115
753032903035598066 427388548773373312
322466315783883273 528244423293289194
909207764659875557 553749725790588615
990173544920779847 956508464027150386
62491608129508293 365162248323266906
891420797292984392 975374005395773444
361805102625273484 249644524752467461
473313226262670754 55229489046102473
20945284253976433 957827095962949327
725765973927686449 118695140103200298
968363510586876911 864627726352318209
443108895534169356 496666147681877775
332599613395166910 148666613681337125
403431412393873549 954524908038414243
9870370838411223 359925234301610243
630644620248907853 107054274166936654
467050438365011060 528675836385744804
114780159834457636 750598362354678457
532773598464870156 191658510518470482
226797910137344300 207349345522436556
47562562149574490 113083727299682710
50922716811990462 269370200067793330
195989769065462358 698982646651044152
187660518190390643 1575648576674771
615782821911845433 412120368485777985
780151319479768867 309426172243286743
118088162967801469 104191912898826747
929012084352001768 424010328474540713
867062206876965849 666022407571144431
565697834716575258 552420837606473840
29965980304036936 665606075026098404
20336401702224724 56677229798894230
109290725864761090 151122362934341862
742027300514656877 715999067149041861
816435675206103168 983343039126505787
255166379482537086 905834128670114788
568670059570154108 485621257732506990
950230405092777954 553936785912602141
280480632971549677 234992802491730504
428099045071564848 319677669362430681
472114158809491726 17972974512979409
291050546767078978 8780999397469890
837623262787478359 92653898969683794
98910483662590000 835281140462589887
965024563839760770 132445787303030613
783472418394653012 753542678726663418
57160488205002630 111739962819907491
134037611826340423 567154730940835548
346366225196779166 249614942818878276
447333723663532258 802749456081053454
120893077661343042 424855245597206145
12561930655522877 124422719439874169
986513183169146667 131748278211000036
220713465097898162 54384803688914758
128792728611884370 965307387273192245
131806235784058842 693575926979082461
103630246780872176 271331295984540542
501448906287861902 289289897353325545
334746389290603647 90602770689974535
42762284093516518 955824815219148882
140036905071440311 196910190392579673
146783727094867004 783236660824688449
605039297553867665 347300335198719806
603153037955796776 169711198456699678
691862337226206534 625978152638800063
320657623130088324 236230945095827348
265539031537336144 623862713596260644
741934630856232553 88531721370241418
814712518183618406 6175681274529782
258278650858734128 996166039159863083
407538515648495747 385907967307472383
541767338678732401 195800699361787870
176767625774990047 279933287457811783
348523825846274054 835063610430874702
428921136928068596 441098589764862232
850736787873802504 10987581096181346
211598006173824633 119969521814046202
592809186473988304 19876069975527748
340144499268418153 479954775828126135
823589436269624310 242649552898513246
659329281667255548 82001379252853591
452168300069473364 547703139429522519
764064491889166507 229233327523019556
227470033464121602 482307058858391833
719774971159364911 63649547055647398
152919341670022747 757548226357901261
630268209500596098 604602863748582566
595124597187554806 357576408448195036
205217249773187547 845638702388167982
75225368347344556 718562047820966383
633768092010779573 251844123158415750
612862554375240856 684985734456134639
693293270159440328 244754208795545656
364569231402318097 688807138826177797
928947813374680590 158641538925429005
732418677160614577 11351205916619674
915379516034406334 266693246696129804
931859130555198800 962477084135690071
130054859581975379 195818719552558720
865180445626774024 378138271277189413
215391498225179269 800221808463089906
688926641879936818 716834281540219692
310707950669165645 270189592251728170
381976942647853159 404214100365662423
855486025321096420 617315428396217650
465774273689937535 318052943556153038
462837471031788996 324663945322695762
419203330563069844 50208814672036601
98743284412968357 831818156311267091
552057239027109631 168332782559890563
732253876840562816 338071517029898047
419774877411958104 7005398297836499
973563258968129422 287615785518182366
696942723542284409 706004563903720084
877130722000345416 325373095392761146
439145867607346043 154398648996744109
120884955269855592 170638543482023132
109285801986721463 99440805024086857
115259092583602405 337519782844534155
145309622336679877 714087061189201615
488237848677076474 549779913284915026
916147664649679231 11909583711511785
582741735800478752 461417812934237050
359858048848227326 332073422061155712
941568634171606030 377142926378351755
92485821524640922 989712610707792318
416499224246358975 820139653337771599
128678470820181485 149185717924578314
347536277930227306 946699120065981902
990439516048580560 156518127320334350
671798985690039434 419791397166025041
192527473912076123 189391109347857075
644103288134783959 129610646799134818
656982073562494696 436557033301418530
710498910533715787 608312460083954633
669343377226739216 512576705790348740
922971500811460381 444821547134231952
210495909160128940 178364520094891586
507031099588675784 463965486964639999
524855268602637268 61839164007069060
888276225981017860 988501658999915168
228805042873650146 72449842408087221
648261133029362122 253784202066188347
643244642020595311 122073276787203645
856726987294469716 892846322332160218
749386197316113747 845277381769077189
27680234814447385 280898197176927429
215248269722748840 861383385289273397
604474909046250452 479068245982752133
116271378730725831 953564382317459896
457126484076179837 884568117061236196
197028271296736584 177950768201623478
520315692536744525 104300085547026923
744796134291814662 42869534174457047
902282841981189566 134096355346360034
4329106609326360 617703403650667782
452486645078401160 161805547448953682
51149018783389399 100725589651101034
941089820756366499 746602377063016197
206599380073574621 150979119939361901
861799283319019850 80803470301883139
63952064205196035 844742237514539449
764238065971976950 863474762077559190
597477556194610786 242835387085747765
515655586539799390 20800730039006790
883025287150774611 875844265869939723
21719090648287613 968005775112107484
971419924862836590 88512165753826980
99769205897101707 482996794101714531
303269073501280652 136578680217551530
129160857088732417 426626864808707873
735386618707146184 72266789818607108
300777168901081752 4757361910696097
343703303707121529 299815714192168924
808711424707061321 947567617991290027
61622381287323449 614276534529773723
29330440220141902 159544001490669129
177051999543636705 533250795186000362
89214871887718943 816388973046077892
276322391313898889 17893042355484338
44117044936522869 403675984441023651
741499719872499595 581734784588104476
70748451349938505 660520377432708530
776739074602841728 622599003371205776
22066305894971093 229814741569701111
128899979434222912 379065547180298681
7128741509777552 143381591951096765
961013057541759973 109534511567157887
99619516401508149 319252041286347917
502409833900736456 48163870850447371
917562483756642492 658574866973506351
992675120901708674 737276566685797573
872941045382385758 236665131893869740
25933799879769835 289035605517599832
974995752693186197 94492464405108558
494803207803463453 106129938980930475
550593549238827289 735502330342847134
934679929541564017 449468490279835881
117799968119950050 916893187454068580
855970972088771711 5557508331916153
953608345959717932 299500004862410665
311752596908363297 454511247053089798
49771895035560557 933263603397514935
618385845548680560 649150527670363255
56791266824310879 907114164322871574
464375670571729348 418159598998898678
781298768588236284 834264647804691599
89715791691927480 898282133738234605
59138002130288764 114061800412657709
853512345893921058 490434772359744259
629393468783938136 346617936181847094
190097433467493662 191692006727872290
854513508451740489 665147651070052917
399743340740997123 857383485721831283
829486099546511433 385956903055867123
146293042977266539 462769095507428703
408121463371129744 493912343877636216
941890673962649135 588191640517419919
923667596177280151 751018978206804493
950490236447411303 222233705875994092
144747886897631255 417211612198457404
319699741836201837 93913645105027487
66392000301611017 123645583446358733
748686334208902618 322745019302864145
101541899995949991 287750760952390346
444043557562207111 362794522990688235
871801246940430184 680503338638643835
605084767835484556 499925472874466070
316611190798927111 147322841309394282
379604836298575427 30896368010133690
566470742961625980 22563159634503775
43506488183442757 525493372281320514
52112567896030977 614911517439461731
956491636253753194 5628879933114966
989479737971874061 398542660648880064
894468472596277964 207227704224366814
876969226517893211 957247151877043199
158445794659228356 147956286030151429
133611630418811107 634385258637873128
753842669502525418 541819276573123890
513738139844477918 18285914192322180
40547872976220184 284488146706636048
62953352165035973 745051743768261661
677048185385375335 256211753366022534
756279823060842578 831001339650229819
964468899594117936 195318182198458047
148182309517837949 781458033027562408
179086464859892747 419076568079231522
552088562858926207 464322097852497004
445619228599331794 237906649749566041
913750415632161233 830580727635165649
540419482111283869 982329888003888973
614224735059493676 23237536190309983
70712758230652359 958555254733015592
955307571477936778 15421926522795487
195213358018297831 780921504792638801
115225500498852643 801719195188673883
885975357188407510 633748193168018546
22278197757848944 342122908247235356
495945883187330479 991775269066415220
534218483720353578 670964409523457706
91372218795974857 34900411168758656
935319881992948554 158623088473376974
101755676381096382 521786416933681407
268748531037682186 996890164175485842
652258702571437415 510511917954510234
210065026801893602 696036249010743870
131293333266200028 620000166405507898
23056503440284299 875807034561722716
146564381663162999 904013469618261255
739257404871233278 68580160479346356
315818837847877584 265433116685428588
113746375757939572 592761495407006031
764581931248594882 636026442769324049
263396367882259047 426427726762318199
151947159175305572 779075931314107870
317004451288527759 468966255563219125
850413724167633168 469075904241385726
594425549157293029 261725910711411153
442848543484999774 59109886832472793
21591251255180706 861589154997819604
513552300528363048 48755727454047767
697922353525407807 949690488206611208
451345946036979335 651533330111049379
922857760588138614 10902028931137270
476029224328520404 209677162259044772
151897665178961983 595649350587497573
52871716872575399 526578536336625028
481615494861557459 193272575818919009
919317660209262298 669555447318434285
299928448849238187 799861141436006704
887966895103433606 149338160973006790
771109445791457152 26937004264033885
331657163748040195 29069084427761977
792041401928559180 892661441864095921
598307003501300203 562201029895334320
18323932938263879 13129966079993396
119598951659952151 383897688852981202
737986292060834282 240446513994141232
896554444273055392 302205240875750281
521476448049577710 230452644719397164
149206217564084446 406841122263450110
12832685414111309 551445943576461556
649251693548078955 789703992098290074
579637493703806782 558068882079850639
287395158394138656 112638126293666822
798381348278159932 111291037741360198
488296196393596437 175057053753664555
257302917677444351 299587551386429859
778158154632102308 93253241024157234
41752843319404672 700297565257006958
505202927896694886 103484572014899075
231366858443016953 100450848418018737
713383908611900723 741319212727813833
996798934399733729 675971910039121332
251034014757025829 103381058125712364
638340979124563955 642020913549699584
103272787026495125 720886763429271573
529769675003490599 737864881568800351
42136193531093788 280226084287593900
74319278830384823 335983117438418906
111764488708154770 37804754408953948
119454146799374618 468490552460334265
195885131319466769 540343352902229260
594942909354790411 88812839052772485
127023756953638385 39896105915640295
857180458566961282 639415546468558856
253705618900172237 214290490392565332
21348742876772536 231219385677617482
79127905914494844 346401715023758078
987910494887642150 905240112783295381
910726593744944408 127379955710978508
787001571379793286 894615457309684593
428257494235061753 377089948585553384
522101857506264271 956660371345942184
168773011222503097 529369233768639420
326289561053624124 481866909774634050
482489398116483377 129130892685838575
82645623235895109 520292384546382985
100867812369202298 317656966535906411
144798872345539748 43480750588735749
315325840031763692 941492773738890841
904866337515306064 511875141101642879
86765141564081185 119894644636119074
54846860455696516 54373833149801217
612702516448319730 730334435453955183
225011931800869048 730075698826240467
659888105507829623 752575217559043881
481113994424617381 790060849377671039
367180777281474826 906780651712402809
503520192272549188 9656987360013262
424928166386560068 762514855412798920
155047123491537615 797474468017637319
336817683167524094 612033138220462015
201470810782295742 68591479343228341
293237617763765328 38222316592409671
726299214580945609 118337366126870817
739147082979563668 176240609782283656
698431067549087212 119465740309907155
788602233639933282 198635138595966701
998403302097575005 524695452117984469
98434030007280533 118569153339086110
527566837442854806 105189560707160687
741538983842371908 357269765295742467
387220338103047761 130181665279330346
10141562134188488 382418784148316359
140531582626817158 698820039403814864
747849451276598716 205009177572134353
74177364861717358 84665546696578153
917593854723683063 711892906958036684
142542170174347651 68133913762261567
863093480987933843 774534498782160543
700143020986391164 115312813235406555
182602670432250600 275469590173540725
904346371915622228 417038975194751236
602237328924418961 828850073975063733
59760459453756995 291016943683170501
932123648580301156 736381731508129545
256203927994641090 679555138089254759
92751101288879229 319731330806208602
18941190873507210 22645485459191666
141290221021794867 335158398012989906
793799925901005973 978790053419988144
74679109324686624 388111810851284440
750257561527780123 145370276600845353
9179388024761629 807013114081978390
113637277435521429 320709076809581606
747612823403413315 57817936116680053
732837193812540860 836196479846896689
41564173122860522 464525944338301982
36303202448802441 53427547930854674
617698991084298412 82964175592268666
211303432655722550 308225124392556755
898097664108835937 115102147162582066
77500474451201083 407953692255838908
109536766068874020 18333203386581039
42818642579974481 963504246047250263
156603875646112844 143302413858581145
129902496311248753 498505282551995500
801359080008037490 537168980381052891
543881242077551572 781307675845073157
7375487207167345 122739992239119773
87070862879344884 628282281499346282
113348487129979591 16
18 11303071165548199
607851777789163916 20
19 364210670722302248
378109384326115070 6
3 491824357161941212
423124843656453943 11
950405657408890985 11
879381107472698654 17
787921308490281332 4
15 121731232769623963
316227773482978293 17
20 792537361573969931
813900449552593100 18
13 449117908235501044
42952296532431762 20
9 587787571734209531
19 415071486841274290
6 358256560637540883
1 772741916644830393
656504580153536760 4
12 480784376597994987
12 49706313579647709
6 463587204929315096
14 235138808934503778
895021715656999086 12
931878625159643337 12
4 106564388482219280
84568583075586155 16
937323136822747431 7
101908820469903462 10
10 351450768671508023
17 937329270522756249
19 980627675577654005
594547189381620947 3
818064676755571159 19
923967294718245447 3
874418403677543084 15
998137088235661893 3
857128203140811629 16
10 461676245597760037
778058387773906003 10
838718148122089604 11
11 455900425927424811
7 357063305515583412
12 984814526225988071
484454659611436398 13
134005971868818551 1
19 288797172150612939
14 737906330371656151
3 276707273332279155
2 984561833610359913
45762525376970516 10
648471203430387078 5
20 110803438998087703
246664635703236689 15
1 144955246110966927
646684594780745677 4
549575640176010867 10
857882374901535791 7
510832740378956814 4
382473295547650934 11
13 610075951033657780
11 397698117357986105
4 840248034238721208
12 923428165464650177
706483373462700955 14
15 927959432162339929
346632050207082374 9
9 832246504407517411
9 113230815791899387
4 530650569458609324
5 177563287201788361
12 458445488154172034
807802437553018431 16
1 130421396860455428
600392244770502562 8
18 609921906017073722
69459759265570273 18
320915397619176294 14
14 790521257568329352
215692396529200155 5
915980465400057587 5
628424114819319181 1
17 69594133715447750
2 49983228791345961
767075723665573274 12
19 473145780770185574
12 676242523465487098
15 71523680432435163
87037917025691534 2
8 262701445839606418
17 292761019607251095
2 588902057783209628
948047975996995228 17
559161813368251879 19
7 103846401599263844
4 499713898180478541
126109787454894884 3
3 390035347272536046
9 305598543411603450
673776989486393025 11
12 22871295873912475
8 315361034314040166
605666616795225418 9
5 786150652182001471
3 355570730484936202
27006031885801408 7
6 20313243334045973
19 141828097502864644
9 755621973276441741
1 939390080834813857
509878380653014386 7
2 102486042170081726
440956939787357653 13
12 841489110233370468
369855277789082700 13
5 129176817318326803
561297975166947495 10
622806952584942485 19
848891260039731682 13
109038359613336600 9
15 159020887826403675
17 755240628938815351
15 216416841641021253
144602968757110234 20
6 496788320131124317
459790531971922815 14
892046615898758365 16
98823713041912792 15
306405665034440879 10
629656756967816151 9
17 731137741325380836
20 130964659650221958
9 404975079964947045
132372508068579036 7
15 595457059859932649
988842070627597772 13
384912085948828967 14
15 562304710612386719
13 538312940961912142
609511399023177093 3
59152026651252403 12
748696362544064616 20
20 746178819201968586
464214440773920257 3
18 51549249907474777
14 31552504553128238
317942414118190568 14
20 906245945481850244
9 459661106165657213
752078731562894881 1
800435528747102855 19
275030444638048196 19
17 803801648259707160
734440917212627488 9
11 644306783720085848
10 61020861000215662
20 519476209331134519
12 300011292391065923
3 180676919279529827
18 74853589444924834
13 735593101945895291
3 189796279587864403
976971892876617602 3
17 665340091423735411
667069678635144087 15
1 20265441685024332
9 725523820829295844
16 870595913764665704
69456445462061269 3
3 729270235815177442
958023407641920908 9
2 159839867352631038
684565741044171154 9
237500434482238713 6
69297817007267023 7
15 554828398228108323
912603013261125309 12
29966821824907820 16
17 555852150663658970
978003670119598268 18
4904739874489436 17
11 340667059267129415
10 244887752896067113
967658283212113440 4
12 330327808822973447
12 328678330163540429
16 209643129788717073
78965231230694811 3
4 550137309389629291
856623906831578738 14
6 133765106004669751
123055744664159980 3
18 866721705978317512
20 495958984281368994
7 973336781760604438
855971762086969031 20
334079774311659379 5
3 900117561152762104
998188856752911229 13
11 811966690450617683
13 312163235725989461
791666665794564808 17
47869041034568463 7
974748488736203949 4
15 148003471644480106
19 470876464666823830
3 472737823803510722
746203650342192996 3
71144463026813763 3
17 703221891825654172
13 149032385910908256
3 211757643172267771
10263097830406020 15
597853651975637321 20
625730570951179785 10
396986231552735851 8
82684286818043751 1
242772053316961724 11
18 427889144991894703
7 209951281797330078
698958970703157048 13
24212385301998157 7
3 32947248426817432
16 444639837860864756
16 882170561515086294
91223043578186244 13
19 73849105936761567
19 11363189367733186
813462504525587256 10
116352328795637280 8
839190238348913396 14
616995386587036878 16
4 286662400405461734
589490113272771729 12
764544153222811415 17
14 48113446597458388
19 989168902807163
784604325672048254 12
13 832181909298023393
1 986483173867092741
20 844940725607070762
729713547475263168 4
45322735960745404 18
16 357101688596097922
6 18475804319935798
3485191961184357 17
503984532869849958 8
961137454067013605 4
216826820465072248 7
12 604992553059220783
9 85108249136527474
347710012951461049 14
11 499931677913556190
11 885525100190632978
1 889259265310654406
5 581866211884918012
387840410060544998 3
400917606913912762 20
514622841612387870 13
13 863539542746323108
630248106967768102 19
20 284204462463214850
17 250849923740640391
666342064147667736 6
17 895913362980641736
539426144378360190 9
1 876473141867211493
15 714896783830743475
8 65717302380919558
90731125644802546 8
4 141167708671236718
647437157938473540 7
14 128166895096571570
4 670123795856623832
20 4328085789896749
16 281449014669277584
14 995698585486920369
8 460859644504777950
7 170175587064020864
14 23097810505320910
10 76910695810045051
967307881200441189 1
6 237964012396158106
5 503686257223917866
10 63313149087778205
182224559046624003 6
831521276444399361 4
20 41822721630767172
719137396942313015 12
121112716948236802 11
496458733108806673 20
721004338876807342 15
38901845818271614 2
11 54045982514267360
964748987491277176 12
764012524662004593 18
160519009393296955 7
6 481541238430247117
15 34401757794408376
11 121755449904437128
6 740649581508017482
3 725107108051009072
20 969535280269296808
830165265064931427 8
17 544292366401894428
508797032219592482 2
12 126844744773137907
11 581471937519907942
7 331749561011074357
15 755701886538642929
15 491202474929367959
4 675182638285667175
3 124734661360552111
10 305172551562630046
16 131319549549165159
6 265803191098176820
3 75945004730330805
1 996988765514200672
870804387112273546 5
19 213848202120284170
13 329005574685830665
17 218373009296246815
102514068728155642 4
315782747239448351 19
23253654813084287 2
888014182478552313 13
677331199506989830 1
9 137674958900250905
136465825141606271 10
1 832485773963647424
5 159746272016053968
19 144957344783943317
9 695058971238988423
9 752736067868977786
5 463603028538610639
9 906437685455939745
834641103123754407 13
4 806309710530693344
8 478390975844968526
9 124618849798332226
2 145705962716795395
1 791415438607471328
13 604669642418438380
1 586150441922910191
20 398610990727660116
476221701161840923 1
669022480352285466 11
951419025062972436 12
8 648155330578568551
71480223921114471 7
288674296627771296 7
5 757881646258102160
552780715579572380 8
18 847497858213501262
1 533519227268871448
15 109299788021354295
379039471905081961 11
130708444392940685 7
120142448905165425 11
16 897248544202223441
14 150199703233580245
279334361241355158 1
17 56244307636136302
13 84080921470777881
9 327407178855516157
11 509468248564598287
346308437218939172 11
824467759237787199 16
316839490955068563 19
394014353762532689 9
7 700822651625502847
660378022344457574 10
980342598188959321 5
47811796464456425 3
224519144095520958 12
848351742133439142 10
360338435640250026 7
456015398009958171 16
3 942838492042766322
995465062250723595 12
160907553551216370 8
488412126578749274 16
96272481166775171 6
757489251817703957 2
996398747647519537 13
975122270206815441 19
12 25588183864478380
527772805861248055 6
90018859938622588 17
8 855987260291502813
142618377869351162 19
14 117479968878762328
645915553328743292 20
3 391729252149708176
6 798128086083047632
121201906919433556 3
15 612810179600022253
19 60237078519584815
763934726384469478 19
19 108911997928447099
38089683861109280 10
985514471457330101 1
6 12649909474006981
3 56268214405288465
18 496007369803577209
886988627878202703 19
794268801723583565 4
977623534530232013 10
48229269709290226 4
2 949267275589864670
9607077728467503 17
562342825244970842 11
30407956192669846 8
142298113677591416 5
728191698839569268 10
11 25566694240305881
18 689317253887265543
7 297210731598287334
779451314092154868 8
32556454349609309 17
1 410692271760766457
102607006218706727 16
170567420493150175 15
4 602410214536516206
103156700271138996 7
17 9701744856727276
8 730370719861526072
556004306173918086 4
6 796913730337253526
7 587936111147116571
133506003964672853 8
555062239194943127 9
468869203397430158 14
8 259276266352933708
55869356277725024 6
755969871979159683 15
13 388291035562298018
11 482984789206063439
874974347484542169 9
20 66281160826298274
76933376231363691 1
931431849871018404 19
4 114156169962998546
10 392932176286868032
14 484628088849403796
963000237371322625 16
889660044642971825 4
645644990148461853 2
17 390428847006825822
239233133606967247 10
1 878336274998216242
7 508667774170241515
2 19011444300524575
638512795177074861 8
5 511943442175996002
4 885550481159382483
15 424777014424598974
244024024311811820 14
8 80161117231284965
111658591658602480 17
701806748586518072 2
11 157674695615577362
18 907218864770448049
7 840496495940837330
350572380835182110 11
3 81789568226222935
48780026384615569 16
932668841666292733 3
16 623384507054826773
44976441462279723 6
757091364267453347 11
630196798859253863 11
20 484833401856714837
20 107293119859319981
8 7271143186734042
20 651564272436970750
939809417364160810 12
845102508742025013 3
15199910090540156 14
9 430619816057130016
1 282077428091035510
4 497153962554920396
12 675824582317444773
111688778444075296 11
16555325798208558 8
6 961260701403639471
20 439738923373525955
618055434414087880 20
16 784371255081915352
240675949939266767 10
4 192507573995573272
9 393762149596657105
726021308226259219 12
13 258083842509282900
13 349140727752133947
760541791278918509 11
153711919954556687 14
13 131450213218384661
