1000
722994286885251156 477322540362678267
984050020675244600 43042888630073464
12613427976751032 839714171344146595
200578990572890874 66060002753892409
973269996689246584 776438217559766159
993471325388661885 310092442723262731
498106738099898796 5371559576854440
555012810812193657 458561486368633205
311350745054259630 373246383196909335
150798076533783016 566284865893251395
382734129774534679 34854291663452485
76020071656163073 474108550008959355
648215101518432447 714862129864531418
375909663081510719 529522263109936233
577742347743016129 122619687255086529
413288921180281946 1432000602045843
48510592572586612 978442299015627554
742459988366660939 106583375065635268
454066021553194353 581586351702065510
370352397010378315 118385569254790917
36467086060611219 377380339269514549
936606798462804180 393334682260268190
148065137762132977 525341099768290426
515992953667601310 785821427063247640
207547620939696356 466691912345558620
104090177575156386 215684415130231869
949698267914302983 797758785685183302
878716129883068185 847730924748495638
158033060478464305 531821464435096799
308997062935156604 741514868449151978
67411572994782588 125677520374842898
946433874216941445 337017230978804805
249629616364684096 46984521114460934
769083350874538027 868855640043627245
16136132095717399 730725427366181158
819667534305400745 475565703261067246
303590655119619802 216719831799527193
161652091484557688 684648145687151758
923482782465869730 259010850182505673
58485612618284623 215479370899260248
753673382781933511 893172114298303327
82493928592342056 311894485385224213
376468781920334307 4212905629781316
141303460356359741 850659402452920269
340295844284089807 199939245468952097
433849226874832134 62543761462491337
727571917844379812 684455750431476447
241370511698550332 252373504563286675
722187746770007226 61287305140875687
577611062180119769 825876429953246708
483044494134639019 512583180878432738
62144989842540820 939460163596870899
711747760778800207 672865166670646329
488211538540718184 985822224157659868
67380108155184832 584613357258607253
1919195595431309 855238083767063605
886905460532611159 878033219554557983
752481047463948412 656634097994088137
58882062448608685 32554754274042176
377332281716541039 284824108542945697
132216061890328731 97483206998649760
264016370319782365 141406459952479493
801279001534230585 871449470988023338
117597615669314177 702282082639004287
250405718318776544 246626514997592326
834550028829168979 932321459404125399
97741172722340907 305497713941743004
611370164486939788 159007204479373334
198151015214430449 971057019118503575
276843481699440550 98716675422101894
516899356114694988 727600406759825374
554036095324263256 201079134126151599
697377964532403349 799578144371414684
474785804561156509 51798194005414491
781299582591411044 108095376671484216
406371740456995245 104900755480785554
776708596124990355 602756267428699996
466040585261502466 85911282925742750
225604695530999355 64961598301510130
88700586994374227 335716403795250695
77303968028907956 134296941366502177
53556021504680859 990191220413735319
103211421578457496 487666392918261331
133885149156383761 241874408500620118
5715299106836160 336852728022562865
194195567142293809 825191257230819981
515096146660564804 66204547272816292
534335091701469617 360740469017681862
275049091851409023 36144993673087189
68871792187406731 146289845411966154
786565855358762248 915015885886207790
741936870846136825 112784282167645344
58099737855852728 941175023855276885
553542456937189747 697742069493371796
243674987821384874 490373549390989366
821256699889830834 107316992900826925
292981425090113845 102566318280059385
748214443219247535 801204735391579700
130789654998320114 284540999276086791
296267218066940324 989886347965057202
224574727091658684 301300791312577289
906704329449572104 119992049716398066
151999039164718250 825912746785317096
456401587739642518 136011482816560762
862974459584632854 813115180183627980
895438093120401990 47847002475995157
11893491853100184 372889868726951200
897718625791631697 110264082978398668
372225873443895819 338085707851536779
40142572731557937 625977808139831783
945412891103364486 678909746194141944
675894669463049374 971970667576803311
987466653169285474 70973051396171662
585032197297308048 167256945386347694
729339320287345978 74459637939465912
612066588785403715 51981279237470764
944757861761949157 89923360274663709
775174405589084973 632057306022396851
211793590227705212 384922369511960744
986742487836962824 22873736466154955
245409990929351514 508756437935458432
620921244087985614 558223870905482814
853224431551704086 12941750352555279
387267222860143031 52086233750694932
656264427471985034 324712740281385982
745269342723311164 825259024807632790
115179875248128718 855916417062898743
319226953228509974 425658990913931854
97937075775546429 876654940610391521
77629872197285183 43058746158534405
683081150901981038 235654856421280358
594868664324333295 230018960068202947
103442128774413114 80917802344647791
466007147916554142 316133104133916625
90456920477668284 121571518229477349
486092059143320584 281986688056854457
818192070099061323 501406870779116017
911968890197952035 326393889289623875
94814596578043265 213404079349807356
30046260797594921 434373036137383289
349515649536310 126437537090167982
29621849690348948 97515848138843811
148812327690333828 246810161240884722
417690086840215836 575943994535409739
714456440947876804 439080021762543344
45471063443779258 230505080904345401
82078897028721807 146429574199946001
911321088717781672 631596604304990582
790656089648425405 652657403597639421
645815016093812317 127000706408113740
878017594655142248 414198295714433183
773878713885034644 562218224135558724
365646990108991209 16412707066433311
129209743336408389 307103135613584166
826622178633638616 199728639334290149
33833312406199721 364651337389703163
341517827218576144 121563015608651163
406820676722352185 91616161458974989
136373997542636199 382780217367401003
485010214020372655 71904667999312868
80045183556676089 289472718937889980
696403714730729475 531455706300381002
169282622646142621 879314069210522297
74938893012872302 905758018207660871
96533861166979949 30453210160833225
828183410986099049 560641679157063973
358731531662469250 488113748094285014
210801530544938925 665463283603440492
130689630565790516 585033555254729225
92142582326334772 302246551999892965
138816477799896605 350183162191137995
371013478891146550 644921631672479130
75781670400528662 688427278613532869
696329422565113900 68184238486458580
862155988079466807 489243183612330721
34667181444015055 21138227300960027
131775177215994075 806171134913096006
849715500796066584 747700013500289336
34791256944086936 965427210274423645
599342664594384449 854292592929861941
264025507308880458 439757003502492113
526768104350085825 724758790418545242
928505487678515976 721726346889809546
616359291167238995 393511259761664305
203418923880364332 279658954717031601
314282442509920240 113578344156236674
274382744575095119 43035384100255919
402215474286157263 76867758096900183
987291413128953161 52376555530518572
258811982403219307 370315322077386744
569037996682869812 944537162752338451
886194951232535675 919626235531168750
959780534413988457 61599992359503500
19132559993254394 681097760254445315
462860724193638785 630255966453227263
151144862050408993 279024901849814336
230343639176630356 411793205560329751
408005632913550439 268219923518165996
371560199381084924 340276766262994875
351110337820122503 701213781564080531
673898614870532817 631618882654705942
309355460093112185 695914958812024316
170428036945471086 350815584070510735
794051757179388278 309498336403188272
166181170039425450 438792262304886224
913731951761235959 105606629300721784
347259694325912990 973973198767299011
247371102630565045 722220325938789471
654125002115897509 739940406488696463
718240295334819498 133438334495271595
849397778426181206 252032886333523870
396746839884151310 134736206251063655
85481634991159179 171872864609122713
138543641784254554 145841526259011548
83837608394775132 875130169934811753
81737499983538247 237368367887152786
479306130266612259 866224383047725368
743833359396904398 698229835630258002
69937606483076985 957634501053148781
60107728435948073 450516135702830374
8322514012530743 378898818726734769
21788412343256016 76023467801879638
286744086190479221 955819028910957551
90510367025405564 230674703157897836
304872329434312077 913617099972082511
613580796664838950 59573371619135024
131544662000007192 209096072692043578
849874736449107976 223251082733023148
72459929622931951 98369265650173529
78975656328831129 159483356391325736
849558449249938218 398640910758715541
474677314385198484 109748152291512878
862591537268599075 208821685321598742
131371910030714097 75163500553578886
757237740834399858 935952049607793735
714003975440517610 148789040395176761
145049858269956849 98077640741440463
96566765014387958 83284859990363537
477660473431749561 115561616876051097
623460687037287376 399770630619490326
2086259039470371 960932991214171853
218774650294186352 261327442856772498
246443614052217031 879713259561338835
24078768238200335 346429287972325902
975534444121676159 569514957270236757
895914140504211238 110934805068822225
911672790220148580 442068599339508797
43620737153929071 814299517790922343
761002629203601871 190740767751695538
985486146262857441 475689388950054550
475172955156878680 664071143844054046
422282586963333815 359098312837449321
125226651190764505 127588334658740266
110487296425684329 82277624560821801
10002233196944490 137276522610511808
665615292667825841 31403049372190558
988787229022997350 107304680532364039
200293577322761094 540525121586502865
590001393982935652 336379540504347497
432979523709916707 306130580793088652
37690430059477053 810761725232378767
102909306508348928 954941950276601304
207393241334298892 230829831699459938
149196480175968214 305803725668894012
264462415548405288 37327857616040971
972823707832354206 7475085559148676
313947731756557867 520329889759885299
851415288399296146 883268528555352247
580081753954182381 386898936318491330
118335707102041897 568912953712410654
820981975514891144 940537335070397795
730594768080509214 774475030334986818
49195973915146325 36878093397445118
71793350581107562 698955798961974253
99395425301352173 110284154160501756
896075778465978948 57065854808322856
196034942201346088 47455796814788613
519459938533031718 187591909295587131
132591373325326880 143157158572774404
763754459210641610 539042039356260527
616061698843844654 126815505648906017
606934816601064232 166607707661687118
363590633226488554 882925649422371268
362136342603294585 370273125064535073
905592291483254830 560225743156948375
92532283694611511 650928802002578800
663447350729491 56533293968948612
332054885032074521 583662283822478020
273376240681024498 669121266723014066
499851243211518746 538549602551415526
711767949292017763 579765204380175244
773996249761203314 95251860702193121
846509923245689664 963743100709543353
506194746316817562 69403400580265211
318601601562535074 557423866034496547
95142620099372107 162917527624559295
752942723595762145 837541814626955251
554396746785022335 60684470179214070
714130221086078359 977380578412563346
773874161801615214 927744501658565288
38865319616800669 872914984599784105
546662425994661521 130114556289941534
944883036139148555 710680996402141730
136467364622388385 260894935255507682
57234785499531323 535328992264769572
997982287334925463 14017424894161853
670104218600759494 970204103887420440
733283026365925037 681277684599686326
773371294242431877 479162040426968745
729691007297163355 96428359186921753
161330683298499216 698941002359501247
115710877527743578 132246638276711788
765134048102176065 242001878113159299
328724529431351971 491529947563691898
302743923139418161 28970533117087582
447363009922955375 51699405800349260
70034956211555640 550348073370985464
994381906832769080 655443658385115690
285080708218168176 281248177476336956
810374296695462326 760954248064941214
32070840441589554 13733819683109714
79877440153928162 774332704579506288
64503162417322518 506911897735788450
287627063335260917 311230444855468457
66647616710783735 124972224424318167
703569304563684456 70491358493842835
750842365498392043 946046666029387480
33166439848921845 248783577020601014
742804974592107598 24341623725886160
596530625275857044 108187947148722396
372452172109456567 721911813119518502
49109795660463230 2762109060868365
89129761713218304 123749433555782532
949276126000235308 181591814307732883
417057669871646786 146572937820649684
714509949474960984 732672923351847414
746783033963315926 176901210211440957
259086918161546489 774171152995887872
832071837654201940 721183377680912425
103429714098608970 92707357464759993
122280827980573589 279371017989999169
94371732255457987 99259981093008490
24314071671435444 524157457361554798
514121766724772381 314388100532892829
775913694766979336 104029087304960218
871435620629443922 18185311890315547
13318714961300779 128593956719207660
245656609931859353 123957490920615147
33256790886734582 665578975418831693
77887174414846317 663445842752539737
278061714426660225 684923013615116008
515346042986976390 130867408919246060
985521733998335270 708906724871404517
355144684552849374 815427710118286701
62873992350312318 838435144040126381
847303437244158380 521725168816758245
571570163343916897 167880571336288489
262691815738985835 984629170180558751
71774365484389609 964427430623313794
225048580328903635 130955154157112609
954559138890245487 165280564139119776
667024916357122781 717609162290653750
9564289446527884 474433564233423534
550588852528641474 675945005175176167
298463540620584728 707061118750264659
893800454015419643 749838444820539516
110972538191543597 121715003029586298
879495035819730498 604440772464801662
838385871883843620 682210271780140363
881565772522476687 699926952546148791
152851563835416469 83943054273732654
879947314476034075 705986648022982959
810422377905872986 168698250825269965
28133890174805599 222510122250649904
983322177200905356 339386863749658386
832559341397021205 653195629358919234
215953919138216835 433442285801553956
649770235706309429 161205575260964399
909981970904955354 290690240898259565
477527110835359479 154706217062819839
821751513637255527 473577279495457687
63558056793515991 242664559412872187
700116432033943878 682330317714371209
167550459782274443 108209463938984877
395474377883393486 475114769342257005
199084449220318477 229563821328228830
733374155072065689 141888222519540652
867833067967778967 294394864928615062
776014897323147392 660162160307448303
57099306844766113 73597477618342686
849056436010629531 180189812081640991
697282760741523172 530047782503033344
955934419724324164 133895665016216933
333397715956693081 303755815306084100
345976543450030612 955561354149475882
693048659068179258 667908710249202484
540368503263822820 343430376058920983
100780566912558079 96599901139300568
288408280929285068 897923015157908500
199046275922226273 596884374807389050
899772502495328294 465923135962362956
127164308023524185 359049211151247330
47356646740585611 931879422105828391
324651652774542624 241731080817069081
558376283115180499 867653710359326797
557436013737806640 33837616076107625
758970521208397336 865174376248508073
485690559462341696 716257689427038811
958791748217998515 797900309166751331
384379080355591243 947084455804167863
713384396663860796 541612364146868195
710703714793829514 864525921176297350
697264577774024845 694923327919004884
519088570683452276 113609777645109522
118938884197111487 993944876828395549
487567886178305219 719368574915162339
135465799098906922 32973474417155560
179461120688863601 890172512095110595
337784291486737769 985035521854043039
69796294603005878 349819870140372922
247640649917449811 16554317999859689
348537234413222667 58046986500771858
803198546356042753 466800466514883248
864465568112938026 13755479846713683
314589649436961742 497880944145593629
316334915213943050 740094564452945734
949347769683644497 580032511677155737
44112865396991206 546312056625565429
229617161750759779 753437546726052814
137910480332484662 95413212413576873
975893797364296735 195742131077828771
546735879008999603 277557008532186602
498531390469788380 248690510599202370
22411423944114519 471977530419645825
541834513893518644 526808305379832851
311044571624155737 420520992796417912
86758063856242688 791045094145729217
97015430680297780 947979793526378263
71804259492480344 516292506965963828
194201314207559840 71338668343488744
266278191654788246 765061990816781205
795736941631615126 637567406830799539
144035962590820946 296203209464456525
512774888626869840 668083564400124802
380411507839821927 897240767586260741
165023871883125829 996861834398552989
102187902184941036 34574385289686949
43057158812490288 226195752569918605
926111520040007483 797220169979322200
16749484939166985 59175158664122652
749571060926068204 88422195694653317
20816768341528329 255623837791302995
859949263756714201 110558890264703703
10577808744714154 505530978201615993
501929900828552219 239031910325736757
294326207824878499 149666710860270362
903991488433443083 824824866199301066
183389795502707951 441362739614395133
234485664627383873 68427376987088125
477318499590896326 31735386622373675
86754669732448151 351784773041535097
572813845466888609 313902026613799405
435104176358241830 888709375643973413
337230806219127610 367074197108199118
355278060350003270 751022363895880491
828982209145943688 606476294736487060
51128047219995025 742266732171499508
406820090960707526 809909666408508234
810234684489263840 659382372537182761
61609470885369964 685481806104932409
336560720862569036 13286410626787251
678531205093752628 591834854548183529
11879908780194605 55472484402728892
298686701460094997 106226640788800035
616673997495152157 274972746130053803
604356153656001610 286065038947419121
591702270966094069 648258801731308074
721979482787832395 154271740395441051
217522318339985101 830607009184119073
248685234528906705 502087285343266475
29121813940545535 488400010753452987
125757240598497237 762889559450735593
383577345315672612 19636708713520992
288518136080068240 732387101609481055
27678070871613460 509834709444500153
763731001265753468 136700160561968725
665760466559637993 217429296091545007
860366523580943697 505475495479635797
138842080077417724 682421447891980650
655248246888588296 128140677739864615
74821701093186534 141255917210720341
407402888311858394 538880841455694804
832361367379480191 12009085228736024
126071000338944065 319725179303811750
539611629285319137 238605390834239387
291111395575718900 433094776099204645
37671343404750948 387726396627182345
267597738066766574 330169156367169307
142825711392033187 145913536970930121
179601858754661735 977731855856369553
1 40324376802498181
12 614803692057550192
353523116194084859 15
16 855312422123624981
767729120964664583 20
16 838351223046511914
898866072534538806 20
12 242399849079392063
643893756012606610 14
880504094671056148 1
74037667966980565 3
105045707005280748 15
19 194882180145152479
8 445447223330106658
9 862419447857288555
1 927825414502440698
13 791215846095975935
18 664176701921278139
17 554946372804211490
913328604052855804 16
833533378324576467 8
459899880721839420 13
9 266221211060544311
17 490095908502836662
152415678769619858 8
7 128163881416224883
759813610452445817 17
15 47480570581290658
93935545239489350 3
685003686071176997 10
11 723152334156827854
2 120138371657713006
525585400076933968 16
40976915324816266 10
10 951619587276918702
1 564049914085645179
4 433438114696740832
7 331743258590708684
12 605839416992615589
4 29179369835826016
13 216278732833693821
8 380408798872934539
530878592220009430 15
2 423806285843296101
653545805475392131 14
468984642966182747 13
11 955047536414006899
134117662041085960 4
13 99212377821555616
2 477601056484052292
485513619530027333 6
706258023933883003 13
9 279342723618995286
5 708601683373960513
12659179379805995 15
8 966057794583133988
691776724163492476 12
16 702381211291866818
13 76510519097514898
9 142032945584396316
468272251505431485 18
13 502605076348530731
5 671161847260908802
4 355893871931688881
16 368693942717227031
913172615863658834 16
440467835333709714 2
17 257121076580347620
542623384718462045 18
1 440095493199284741
8 617890780956833646
2 884113819291712492
14 894504318651487414
448280481895403649 3
5 122153528892203864
128521929496719537 12
3 439370190805389084
2 85733680763887612
173428691830877987 11
3 260504964166646097
261790061594297822 14
575766526562844444 6
983320041521034810 10
13 763879710074999454
854308983424672286 8
429474354164704894 17
894437080934032920 3
2 538319531363156126
752735952158058067 13
25970489469804336 9
276215020397125837 13
11 245550126921815306
80422857098000584 15
572044413473698103 19
952939607030198143 15
10 188348319425955280
13027091145506332 14
900114112742973962 6
16 11196086539912423
639309906466050961 20
14 304905190182470592
14 174887944848900885
14 45418623203692496
7630216669085731 20
7 807214711393860220
744058133421903927 17
183233436791512475 8
68043445596149008 2
58963910666682602 20
757119359057813060 10
77906375094848702 8
16 957288972493748757
12 10494790826425849
762819647954246020 4
10 68933337125556032
926295327240952740 20
8 903334896133491563
75123402744894514 11
19 310051808450870590
848363259921342819 12
4 58230846493044824
200136935869965566 4
676623864493340521 19
12 800965105024824491
266505775318494121 17
337178065305425291 5
958374101888522630 15
250305085392181002 16
8 19640579691237021
94187112125047026 14
278594961680366829 11
686035739635124417 3
659268451207489352 18
2 276930111331500605
269386366356949771 1
329379510036610886 17
965551385089145615 18
18 351307951225885420
320054241794531296 8
514848848788384707 14
595484249066574125 11
13 62210155128125812
40518946250898561 7
1 686712534742028693
7 347683710160817457
14 266393429203855291
951226311002917271 15
2 457093011871788238
1 500758239511304574
17 674632680570513821
13 234619332877511134
5 655490508879407283
601587938263835082 7
596615550960862058 3
18990648390180007 5
8 63187241137989183
550768601771220383 5
971156694071910502 13
12 653585874681409622
598089193908195999 16
20 679060356766329565
11228610696565064 10
11 128055231906743525
17 102152941690064308
12 815333429093546037
18 910588328711150268
705965112883846751 6
14 896972768199581844
651150406721306543 7
19 82925613969822688
10 714959846059804518
12051493827822601 14
249731953547546918 7
15 156623267541554378
3 315802041444402093
946226166663608080 17
20 699059699501132999
43520728490571009 20
497950713232183935 2
349471857346995546 16
297324762237431190 7
7 374764687005047296
8 66671734534947126
5 448367471046303183
16 105709527911842793
13 10662990184977846
6 79706269453618629
16385012945688839 8
17 422216073213591530
764844794280875272 9
581349731919960367 14
16 711406589758345167
14 858290716882791449
743518763651030606 17
174226782663141901 9
2 863080848523207082
559233909170501576 6
510899453236404178 5
15 736083098888634124
181401975301098317 17
20 875082884795724189
11 175258086545591892
17 973956543134364013
137937220202835234 9
104829123744748052 16
78226872844669832 5
3 887550410039420803
351029402809541062 13
66944723413161466 2
474720870299716758 20
2 764952289675695928
19871134895514762 13
367337055558084851 2
11 204603277799381145
322454920654887049 4
139146806611478518 16
869835523416481781 3
7 119927635190052641
3 294286865369057285
6 68424474966490177
11 99393509229446091
891498582350558898 9
10 707786218597251410
646687851210532315 3
16 694795370652265363
959956809770332995 7
15 455457073006360999
11 673673823589598180
253406102081447743 15
395186512097682623 19
470103599849398867 6
688901976478607025 4
7 918984889517554200
288420278349725063 18
5 126466730569874229
19 129776371306640974
667384336337200439 6
2 135524489838893293
14 704386309149617474
8 398432022517303543
877076844025102858 1
16 211148521371859387
16 925860981850850563
2619873107577246 5
208689735511174357 19
616753960456951978 19
706414344147420436 5
15 216424341787291240
158103711398657838 10
11 872552461653132012
439158518948202662 10
16 509317109803433775
10 377043101599914624
19 794868870875859107
3 422748636617438717
18 36595610954263554
16 55578609365500553
599795844377344871 4
15 433509667072000243
662202339717985184 15
836940484282697693 8
8 151302310886866116
594797863231536499 6
14 890535127840643585
11 641076387087123040
658794342941121721 16
84269344530399743 14
1 718776293381975758
18 714747048343051215
754733461015496762 18
9 597253350128900651
2 856660619134870499
131707656084826680 1
15 786350062841726895
14 730679527480101151
20176273212486612 20
13 48571712503962237
334457581515017587 6
887717418998586393 4
4 592493476398864485
422640321146317525 19
487386153029424213 11
255574823973915880 1
593972281922441489 13
320753485224932683 10
495220003997732379 5
5 845349402177107058
19 784533390608071044
13 78174513452091966
9 331935107327730170
146767209362722095 8
380564073531928608 2
366500623800310495 15
96605061166332703 1
11 67642844278506924
986658079865097340 8
475879771165569974 4
17 946319265708386090
29778653771211530 8
10 295058466758403552
753525834293937949 11
1 397208441038668974
10 820546431634289532
11 917252331530103243
3 562558972717582275
14 851444977077862834
505994558133522636 6
912642003196215918 7
16 78999405767250730
16 963205967637998130
8 112009900999586518
602958159012629806 5
80469458441350185 9
18 65598741645411998
214083671819670028 3
306558466860343589 6
725372402854315371 20
6 589294668735908442
212414759457364464 8
12 523234192679380385
15 476595501925538799
17 248654751667475005
209844400950504349 11
110091737807861924 20
933992948581179782 11
513174930205897491 20
2 728331295062487103
13 601289876565730658
281615007953155928 19
234596429870766107 18
4 263122760400976790
284127962732161734 14
13 713956473590249568
947966468444762504 8
8 52322845858643575
348187459225194990 11
14 18820143354811371
786987775085163268 11
1773626087639371 19
9 790754064709883051
13 833075105813755932
73353644054585897 14
1 507223717957033614
160076607229170690 10
430936584379468907 4
17 131811549278270726
5 208930526398059856
18 207828038296755885
11 656418119570177057
97357208157601953 10
4 796013814707506104
309093409990264730 8
19 694289031025823966
12 18783648508065647
661123885264267644 11
17 96769631211572330
16 596151396469349651
15 871186081058551773
18 381313112030016107
87743856325659636 13
492734121293067912 11
489372651027114698 10
9 272488575791966435
381914084326935744 13
102577173093023960 1
18 409597687298617867
11 394091171224191067
647057258681783180 3
926369969760585712 2
397124991586477798 8
1 697524869666922458
647500442752960971 2
19 502744865277553300
18 423313944183629975
166153489799394430 16
905330963200668705 9
20 43846575082345689
14 634237924644223694
13 710733647826768886
282019841586428136 17
3 908808749013928620
310307301142623278 6
18 833043183000301320
12 774738491931915950
292310830787478089 3
428723758383480016 19
4 962404410811667469
6 927808661178985140
18 291925707506421445
605675367825562815 10
866351418144964976 11
916976823210927984 12
967527447203584645 16
17 794178941505018489
15 663812025820776498
8 860859668259887884
696807758564716997 1
820040640743434612 3
19 829681340393274984
428920526962533862 6
11 287460047756483858
62340772063848598 12
37408013085098427 9
14 899566702380269838
18 315267963310181328
736362898934378684 18
12 63774452133186024
445171619686003915 4
10 912631510466530997
7 944648050436584245
460746628814818110 17
89780695145127702 15
4 547992186449797708
554217114525952067 9
9 289658589405882658
2 823608143421147677
714037989780048243 9
300260639236558241 12
6 151927884607010958
849157943077507777 14
2 383928012048578524
3 33965816623543543
140887982131221134 5
289521347412320024 10
987560690366876816 6
12 809024659732226664
466585873562089154 3
264148430513399020 2
3221620164746344 19
181920652921240325 3
307680427181407711 5
38306276286464059 12
6 833706634130230418
739667972548625239 11
653782331602983981 6
234097820451297717 2
921425335110499602 2
1 312149325757591001
598653867503842314 5
421080718837423424 10
5 760228879640527678
11255274297833850 19
8 82474048640940134
4 309576802784510071
368851361147171905 15
3 119986325039915040
14 861485978445504326
4 88435365891741991
16 520631793301782425
5 725639261888779552
5 691528239530075201
142150186462282705 17
658151359010937241 15
591023916030776263 8
738702178103122693 17
135063562444364331 4
411053815909496296 6
14 770291954972638677
16 439667553794216403
17074342593526175 19
104976041900347903 19
19 533141085824338429
811918362103284735 8
396221863898814923 10
261518314416099247 10
503818094832108134 6
4 143799424932813937
220630494662341375 13
20 89711747083050905
179757079330476844 12
19 439959148823726119
745210924065502401 3
732957081681968052 1
205759412324624608 7
3 164247995407276208
13 807862810983140428
589896410465317323 19
180871152324009731 8
3 208873252495177394
13 472658864260512525
2547823167929853 1
67810302792072847 13
772404071574135909 2
205726384346840357 16
324286377364059451 5
8 594137508865559663
923149155963555862 6
195301159154483178 5
825485906471518157 3
338025370026125314 3
765436150900438693 14
15 968593763099617382
355722910397932493 19
29248769275312540 18
16 291052589866178056
694274801706625494 11
302546529773838249 7
8 311859181465153796
7 681018867995357126
699196024255196204 11
