1000
122876700731207314 776680774896407718
741142148447046568 1738932476741968
17544896867450248 772655740950619926
139249429841910652 149316808962197020
468094432085910176 619263241367189145
65328887825927782 400691362530378072
148500452109320468 265425741216020536
139963935343082561 282798112807179948
482564921743583579 166674274730078779
364595861287301668 918941533822876416
823683678449133872 852983205950606379
301079783209894504 984591956804226175
104624406206389131 190374944549871314
27481539374503080 886976705106649744
17082582854711461 19099684534404152
317457733562447291 26755188444601821
579269953354163703 345035871981889447
902071547464427450 977328564994455632
856389312545064506 436423358848636327
37521956799607296 982118415602013456
69775116422236520 321282803928255490
990190840925827364 745527243161915527
81870233738263737 119435738697238976
75157152890480384 541903162031312991
199171708638321318 998723678277426986
59019351581297325 936049871603831679
199005948396477160 507028180839431627
503900730827577475 45077657367970321
49862774055567993 987184103641073769
794119050799063580 23626441705373054
20184185832878993 685768371654583055
856696512653647441 866705991261483119
10947376771890601 85401511946601221
728948224283162938 130592908948807373
664242400505556346 319484985708920533
126176215954383921 959007691652969921
236985110455049469 433981835605089863
315241650609382863 497922434228591540
168400084270646124 413875204494568037
223283224822065644 616105975634346063
647890551669294398 750827182807596407
617308312320250275 167080467066104954
29529438008017966 857775388055098119
212700251193377610 168184742381752928
164466464665546548 942716292099020765
5977289068640893 62777182207761769
203944262167089802 423125887391922691
924500171052161043 134445265356079677
778678421432657831 952558956074023105
311800739348787750 686843008319672007
107611064073233734 223700380355490976
342389636184138767 458217187849337391
483309817196973919 759220095221743466
283536935045242471 36074304240071901
921851328579602219 256376537901640743
521519577868285702 883709470947080316
189490900211063587 377660497561509665
976640167013349638 143187372329424883
981761055976937217 554127896369044960
670604333367702719 579329813236617068
267934256859206589 11717586835136302
753190372040036299 923967331197850705
387861593901451152 32996805124676371
610932453575775491 55354422378702153
548969992808355315 442489770676230873
893614343159645312 24487335701666366
5958900920344479 103780436401359112
776225961232786330 11076880318706777
322334637513118350 98857340528591210
985070072454466795 891348010474843652
702817494179183096 448764312296677639
59824403730530380 570095061767310054
643365983191535190 834075255787984424
74121973646766806 89787189858641897
263478378326672737 550831785913856087
814684850964668129 503788728466574134
873921920245834258 995977379003035740
125751675786728455 138491680431338550
85451213156926627 470162387210098753
6057107189532448 313579393168911249
988399368336407180 662896721643486030
258680140063875654 674644759916172082
567063487070293638 455812272201223693
364827434532459730 689976309507913281
420672029991671946 101831825742870086
204132169332646749 136133095527192871
177875856359165393 792933468728400643
775480682255546303 53600851945474445
370214879093608661 768904156440540300
305730858217353490 385147650465050203
847031318669132110 649781998812028010
735005547728286639 319899590848321468
343022983413287989 697425794023497063
366752006070810927 931626089515880215
657482569308076995 383525702419530636
352929751135985770 134536771601524503
457560073383282545 262682879894711329
802904888387894650 709775190154136483
610353232601850873 387393100528981423
351179305507629495 26175080652984806
291907396571452243 28697454765060096
336629980784972732 148732476727953479
13533321665344696 90673399424232476
911368111898988384 865416079047132785
36614865354577057 136998832768060493
608573876563862972 254685352318500171
93189330673843399 652767925143434267
521665357143237931 406000505306007295
494736229479449636 70808912029169743
413263233285173572 681743847747843830
923384074581057264 727868015257710323
588622259029283553 590616102418246105
776021258737495716 196594324488748880
310474137215993882 508287099010209170
649448725973504505 700417866728387054
825380504421913674 92062737421850952
602547645945672937 222549473672413334
319670562650165255 154527568948596069
876331981015376043 143879046506571346
404699302689683757 78000652263297938
309037662000565178 587227168096153450
72749958949782227 76668032672671416
515467444314188238 361614137212586344
264728024027211091 140429571395136255
842682239386647520 765029801791427348
355349106542538310 767183056830086610
243854808532574250 152127578868100216
803233561132912773 213076991928878553
304376450839257636 266490812102231772
24408324639929384 448377850698892029
198005735720733318 43824822869226698
724538091408967305 571855574029540966
866178176831893324 944012150814620170
243352846265518656 837664298733746815
126935729593844652 754304614609525669
498424320753854247 69657489998480112
701139041862084640 74370428003168229
635401347733469783 229468975455157409
933364440560663138 731137083896278611
54292478643791401 595505962965751229
900481601593140586 734834542369177526
283143738330931765 413219577444169131
438323184462623089 763901607098535450
86862587710425941 380292725134724373
862124430659097584 274232102632953029
34736011105203106 908420734516553189
75417489697767329 525281551543349315
138750993511084661 538013499666936642
596489945358972027 689102236875877978
197775762968261734 117645888442769814
279000341305003961 876766550462373397
129755775046454095 65768007124280971
726504404730469331 553139503954665405
539513293413203528 91320732473905416
707544216745205891 410275018338039002
133308786045360556 302559657219283255
181719719111586496 782047704993124405
286710875615592210 151148201345659009
20444970906649797 59312402675639768
376616395674285395 317503980492706191
809964278827300362 21642768385489676
431591312321198218 113691608997105738
489461563928011592 793655939297654361
311004464447801870 368769065068243419
459989858072639096 412530626542841736
272967873204027513 678688631217018027
151919039708051156 160238292654505891
541643734914963363 750513314557251683
51675841523505364 672578203284214002
875149541880414374 734718395144402411
504548863785635377 353703650852499198
133111366969930203 639893569339115374
505824999873271268 708599421526562450
456079080989570779 53428837725503572
350848881898408998 145957180520957364
68472109947535486 403154413895755077
814402902963305073 463504072790739887
152081285200409822 289712625426764844
259636737234511740 650842927180863756
178511112100396884 442530742828012593
123184819371075394 69043398874484626
559028108310110328 593217255096444348
259347596559723259 712317057181143629
671230439496482340 43361449211023992
37352435018993953 234370364029195652
579452336567169905 690816019881377100
990955654824310123 363317923562090176
602563662280302776 832818746526315106
233531712101859540 316243894456083659
881347282569001873 498329221689997092
249068878485453204 825730882756951981
946544914091712214 15441388484696633
389096071602688804 248683901321828527
439226365686946464 120559343753298827
52449917236706878 51623779697584732
984150635998331975 137531080459224131
946738728733702361 154762854449881210
146020215251617381 239569860710328011
114941783616790064 29089960249337876
608650004500295891 628528706374401738
655884098828875451 193437983887605618
895512477866789033 185100573598890282
527393304968595507 241012778589308446
325780857685465153 106822156768652308
31417130013517201 559797569437224161
499657725933305652 17108959548843761
228619998157324047 747501393782908354
101039292560278107 226895185415881321
200515509066445349 332033886153864205
230168792917908430 525734985262493799
75643495585880460 644831196875111496
512214140489845479 526229988226567187
597228861450427709 930137346200826943
971121618611479615 148900503399623126
385138135459512945 218119032408609528
443860624849117614 578404628641539929
115083595496192930 351464903044407486
760331472796758606 748690925118356356
933360593041504392 941393558578382618
545888941172050552 145979356792768130
565882608111318556 88128334090526932
553995659433374661 682192776120934842
956079514056478359 866085161401879029
927791630640536845 721591361415917527
915238488497031539 515308230847115207
767893819539122794 36534339562466496
301602573487385447 385316810888519890
5722062592754996 139851889141431712
741197306291553902 891289174706363616
124325697684532230 240782772120518878
583627609290525120 81334400153445625
267066781775250103 271362501013708325
234344151801336278 510451614590815079
264078619291001440 454152535673214556
569521415301265514 113574438533252018
199994969652521308 869793568958092205
197732779068138611 8974140825924260
134460012258921282 24840278789847425
792181691185355308 983271576767577669
58136345849077996 572060195493672065
893928908300126989 600366695299505630
989543687908817010 31189957387324055
91026231571473871 74940378414475769
707624467359474990 356699701608458986
892264649568020076 992894048133835871
1609574172495801 199327410119228900
223960420529071644 114752812020527128
168226669127534060 85670058597266734
527321537353657175 472081955490435437
649703985623223007 832604277306170289
102453048111462872 559239254343814632
531049010326808300 809559582872806805
746360869664465560 818316551660459089
25271524309039020 117476194521759813
403398252791206862 900955579854853298
40901697897971703 156534238383252073
803128857246099701 389069037261344851
985217328290576360 888075125885950954
110491746201795269 668342427543038397
402177276913671381 402225207095813616
563945925548142391 36882096198857914
234307666665898330 249986199937692390
125635350145583492 578892989685663315
237509584840056142 399595034350927476
507636338464061990 38321237683651792
854384995302579659 109533116931218818
198592027126132436 233239638185244602
476263672149996842 190658814482124347
572465961604358793 470901646726748123
775258454221794051 644281632085903366
456271288718142845 420926561817452347
507422104303938608 6273094247074701
156458924866983209 836196519089887524
844978485502057162 679614570950881978
26470836330634311 814531579088106014
332330555233951273 654590588667199668
422888778266038991 824972339163547635
218256361525654248 771062059980485093
496359607566870010 122798738334939563
564908910354938590 438589211890338807
841760277306093633 163880354783508368
968220579666365732 510214915229855185
371629310621583709 90356852414632746
125702702087194132 544280501351702429
342660516697298504 921475506157375298
15755219514005319 677681318448620228
464491754021247289 497965787160014818
853569135799981974 40815169816560111
773382703466250667 590652210630216274
658890906508497689 936962343628103943
46741081202850902 315332406427964700
588183235805125419 339317996535090485
135600112119890740 159130086820706312
43589774461146722 987866035301190882
155667153840516476 395232389251374112
87602068107661466 580920326321827767
43384308934934441 650619065614089132
81204119083059946 565944461810196124
135150298389248883 626466910227886646
722280982966274988 95806056205462460
723345884077649875 819011564246699142
142598205472878201 595978172014453375
94461002129950978 933933010411657382
16485033670685737 97263081689044878
14528906003783802 607182190941238750
517018337201263318 885640598424991953
143722765321882867 125526174067352759
106912744283866585 987526301668318579
62708641143321190 146987741685192443
494528640002629066 125814724069692891
770064897659638284 504002264662785970
48609492968624259 51934604923517876
626058649843505758 147405254574711590
130548219286456605 502103173691261413
155697079199332118 949413315003590367
50324803507533809 70616893915006104
75291517414908203 118255903274852775
93000023200948887 777510294486358327
706983667864547032 377731302491335558
86303912551724009 95084866778095209
393588488608441237 687646218847006150
509459708917681151 903846699556146200
830966104107008028 46902269938627311
131469145722589236 671745779854558061
870791640626205284 131605360093525707
966944531030620959 869018870605881042
700216735282562472 98011431193130594
537959749678361754 382926839451042286
256325390949659232 762012059521073149
512124453157108157 696993968203917739
99811747190844997 707993583470691110
505705735517748450 847015935032425522
217925824640425041 468111589865693349
109981109715969442 447623916363782380
121417791485951163 937063433584310916
132830429268182 412618626786666626
729954675913194750 633904051024184331
726243583177060502 216997246265224412
469170180336093138 34312327290671556
751951372532362300 923165671880560933
73469695805773104 373607214690330999
245128552967004257 137052061718493637
612699940925389394 131970786750386734
492830262819804893 799243261477590117
600761808616978863 143307363778815025
10223928264347338 375927889327974381
175236691867751170 856988977986345225
25566020281437313 803306094741005448
664904579658421059 976281393130806144
977727013028719002 137578645030269853
698497641217828011 107875780261795743
153878541334766831 581123966950852567
384361737215352500 247745077552679598
104582570008162969 356316660489809181
877833773905827349 583702724842279734
905536849296083953 967167390470445210
490206403280301257 521896377468207361
724952277618622351 614095411545340085
21064734302331400 407775271309468951
3284777210642765 526230100428834073
19996614731539019 93080556354068930
20683028821703236 70199728819031725
354357014435206988 45408122585774730
547083084529080524 164939156656492443
929777997888206851 138711693936403512
939222989006151808 919799204230839116
104800491276245160 150862984986367190
484718474146052662 825911936619204202
23316574765775542 483985746235511725
40348241217766410 547186356027694812
417585597776125158 802705864034470213
682218954234716499 29167534867737548
481630474935995183 378402972774289255
190636440589404843 372538458385706403
744809892088852172 727214276024090909
312343730942533099 95182146986599946
333528588116450869 413296952408378031
174871356717952555 852234212569722858
150828486650015011 380848230042941863
313277362057302981 462998808449470315
526166664566881423 63175626916957389
84532780318473298 172588514517615096
6762879462754994 409049924017423403
82716372607105706 372399130740280889
313361282703311622 144415447152587017
164875013248882407 14987746676708375
907959615141989955 340330363533723121
172096616538103394 793206477426957498
714319183915278946 897732343252739755
38122982430405556 943675997216385677
144599313764438684 892147557570820160
357114178780389045 578453756151826744
54943131784208235 58597072515739898
21581989440461951 100334260058365347
925244636026259078 512247555648858210
414107047788719979 922972013812708857
120612672759747304 551462582152406847
350869000215670545 427206181126691233
70997265439321289 143025685627565981
885014478002542667 751809974473054534
768081259745683875 878007616745747651
26991143665966386 290874886704062159
709584538963401773 151287121248115514
618190273224062238 178963362368109926
701893119750186082 728928295163386059
51632639819263145 399897565262987636
734018400194232186 704470059145895040
227659867689481644 507374906199752867
544939326365161454 983832552072423074
192184524583139136 345724292148931034
344217920078321015 241465857153931449
939741438583578045 770205005393073475
379728478907510031 252510813859988879
134103216209586877 908998434557416519
505281225229349101 848807017279570219
134562858605970713 36604377008406927
901167464169169036 639508335147675865
257960685536594153 600369929543323908
488967274712250533 37435892780374816
957677347801782151 870513748565221327
110894372284859183 826701722119206857
321299527391618956 272462773130183769
179714795412219748 118892676509810654
14114912305353937 107291824408469067
622980767383943614 684949768723447207
82550536100180078 813820908085012109
74255247499447285 523249212543261869
827357963319775421 383035882746101578
816993932906528002 121031216726456763
65569849038168406 843346688607552490
128972801241270559 481175182404465367
768609307744629524 910893079445133590
226099740501383619 230706991364437836
253725575116655630 168713548282739894
912720284197950889 953522759336925091
127664901478758301 940317544135497205
301951652331696329 992947568390149539
89968160304944732 939639351629333818
148125036146179164 784353662806029400
959429379828002338 909428935937012784
802688041151461083 116765172419282953
782743768809306633 729970338365957566
781898709207358464 6500691661964863
166914812625025641 139697197679642126
946099990885627075 111840236407379396
694061971893748957 608553861681773194
608684453137049437 994841076762746528
30103893692027964 294284857258897881
562482424976508743 606455217571174940
104384743743543455 527270905569604581
341472277159257402 395564468380705475
524059685065115489 766642484185199063
94563740861128496 29455221908636763
447843019791477529 473922397544601113
152869709780791392 655563910573853679
847859192380961696 986246149976233042
597611365234442565 233954471327176647
76984960461964817 472510683621046636
827812199312865176 798958245846198125
201467607889235139 418527052970458000
280596870411503184 720954623586888618
803800321454163792 582993240928766503
305115263694421416 38778135722546822
856188855585397392 870855268250115546
270873859662863127 415620898167270218
594123743722774686 901317862085314705
594722035640277336 471263786875686527
84003943066728657 727861855863047543
2351224184029284 738049257126729200
332066349283317698 406536330666248436
860490905086358898 534418365156972707
922354412869195596 716011199484907697
674363199294917373 838447791941680867
361216049461692038 419709678956540822
878537811954946236 396568255962206777
21150463748012490 444906861342470606
640053716903863210 56006777558584685
484919013428697776 144862192710649025
37623272100593152 414810934809570440
336927941463619602 713134590353813271
17886505296021301 612950111137856724
118919698903782921 516200647255608507
33168641345168388 982445290347703513
744710286586035694 49357071893193428
691821008846161508 73546122921122913
985517846162443865 115784072620142540
631687706988101009 222811965456591988
120092471244376868 477097371611855693
546493758752065025 579113021883273052
572614464686386536 949870242776983102
447696130223282542 907033490047735969
410078562689086333 597174726646151881
385028876725927634 765934950392253709
980403299389468925 366655808442973271
14126794014874213 77720737454813864
715341585123286721 199320189932140434
470027267348004256 337798605267131
462922979367512802 903284419432813153
476170134534747964 577976862122266576
749093595229653176 262247002170661870
18 684848886989547952
9 729028059258262322
836980121537855785 19
20 864437228624762933
135452285347095395 11
11 190896288255727875
182134808465885638 17
235118526896302096 11
7 982218437271255781
774252252273927909 15
22110706815848743 8
12 234804281722456824
15 592018615757095620
290855969441740222 7
30906115843628789 4
14 862996604291544063
135162750274827365 4
118140932136597610 4
1 20744105871873259
11 742282095043650922
3 914949912471693948
19 944354935547787833
2 391183611527303516
20 617765789704025907
12 841356003938757525
951555114627485038 19
392096770859934123 20
2 82937323519651209
272195455575409807 15
1 307611730089281986
15 625310044041610450
214176247078215499 16
80961457237504795 14
19 25897082974886623
17 66781613675478492
584998096251251857 15
103879181297033281 17
2 51617778352529126
1 385872635346450026
13 35736643799663908
25305779693103835 13
103442414936216809 16
5 185031804292886834
129196934894223104 14
2 807390873802539544
6 895151498436860786
913113608680885371 17
2 667165305341525209
487035161965531131 4
877612548545543930 3
10 240697212793377954
13 363604762470507667
6 728883314007503833
442544699533842547 3
567240610016601753 16
108802007315785161 1
993379753877294302 14
5 493827715556441022
12 378584563096281698
83125365814808647 8
918849183695000713 2
245595080762881589 10
2 736995494116502936
850716829838211728 8
11 542434249530755372
81676621111991587 16
385356456035878375 13
20 373456660746532952
13 664642594275108973
8 183095886579772487
219465447403774863 10
2 780927099866161419
8 52715868941826503
440359477110977621 7
4 986660409344044005
519905754774758980 8
93310412451375369 9
13 910534620529940853
7 128546213388186578
871086705506073175 17
589913247403602134 14
100213474024448450 9
532536716307927634 8
81075600808986312 10
704008233716372772 14
545782369219384268 7
968699116194956022 11
6 320376995662295762
18 428658186096291261
2 855410233663055126
6 906092773133981795
1 950496011354749409
123964315636515009 3
14 577592207818193048
849538761591717584 11
5662877742879255 18
13 584730530088086817
601933311541013823 20
17 750111232970854028
9 430239940258964171
99484149750129958 5
245234416101391464 1
16 18249018000141942
319611072544312069 18
112187213685897448 8
246428457911707753 18
16 222767644294252162
16 598538247902427140
7 875480112680841431
141116688219159304 19
14 3685010566824507
162011336908458936 11
94648311605753910 1
3 391541090501514241
141908373280498492 8
7 383220064306041672
410164728870836123 15
49465338608895876 13
20 913361434394502069
542502238420340110 2
94995737693273969 15
327237532199161013 11
211447645154273516 20
17 317747076127392150
60282603083227766 9
243032132733533227 14
424808959423956410 1
8 113163050764297506
993984086386745404 20
19 480433342106443377
12 694860504040541450
379296610058064681 10
113561573974704044 19
474485884925528712 9
82351450317861981 3
77117711269778003 6
134061147515746686 18
253709712264402019 16
30069762040579657 18
133145085764791166 8
156221935835566787 13
4 120338533818043241
19 288567922311275765
109370343054938173 9
13 922551069246015324
16 474801056920652023
737944414398782622 9
6 29339678362194260
18 146663077268227200
631101250788019932 3
295367478632793622 14
13 30016732385436989
1 904918797178008378
82389902501393883 3
566683101034199359 5
394089907666648742 5
559565480626377448 12
4 63559673816001580
8 653899133711585172
13 725150212045599472
5 979709625536881597
881613419764040699 18
330037911319852705 3
421053691513450673 17
7 447345820792381759
12 530859651479933415
52845973816611462 7
443709234934285876 17
930789250955381962 13
10 770636388079016837
1 204267515089940600
3 621211970633381876
17 667187325222815756
652346694196860379 4
462667898278955328 9
13 553370945047750436
2 724437643116625799
802598882932749285 8
872168785818571706 7
660916587276978218 5
177641065529451794 18
86017129943319827 8
17 738257014708070231
8 73107883094780191
13 653345480339454552
717680403554886600 6
208695752625368732 10
659406371543468113 8
641598012043979607 20
825682345789584349 2
17 998678399558887840
13 817078880777468609
3 328076116166605026
240369658979135772 12
342379520049479826 15
179459859894641318 12
15 806100168498328352
650773049400659398 15
9 76974370370201136
997601116429579752 19
126729111966958603 1
3 376417704418943246
12 882077158486886993
677832880721925285 14
1 104749682004773362
4 964703805935904155
123066172659113053 12
1 757636464772706223
574575436870484471 4
98140230702942217 8
6 213748902599613903
37357872788373260 12
108076058805093009 3
9 785983163063010665
983283633181934778 9
9 773622813992798325
558715554719057419 18
20 100416688374045117
20 256633201570197057
16994434112632280 2
444055009885275396 5
20 198193835393613437
18 344537530265018653
93697870519909334 1
554511644417548525 10
13 27016962440591636
842283790079729691 1
14 7793269212696645
471390319627296398 17
494235437115488612 1
795845054884138140 16
129020385980231855 16
75567798327652481 19
10 532408310579726398
18 12156131569883411
16 647536831470598353
200525262969098677 19
14 861591591351240170
4 749200510737075082
562268565920778525 12
12 123815756598177772
119943983545088165 2
314243898490949662 6
13 494267482388938041
17 49254704632161854
832063831504825118 20
348144089565191038 11
10 268721870746186366
8 262990442831873940
2 674419940445592312
12 100137646761598320
7 252649341050576506
20 833729665650932014
426295801354663756 12
459118282477585228 5
530496883761952110 11
292158121194773789 11
523600311972359972 1
16 210678957514754686
11 224265138639675600
16 454357749281262793
18 297664148260409345
509586129466991368 20
416217701923816906 17
13 13384100799062892
970598193817023573 10
20 272526544307085823
298444860963494841 9
3 956836032681580693
12 723494194851234313
938222515446236169 14
3 383882446950159023
17 140547812366822055
20 285337611112249593
995707506639765477 8
96789953914112497 18
17 606224741200419160
596029321183269235 3
32821306015344867 14
19 119157430255687290
137496237822816306 7
612876006369815228 18
858532606333657448 5
16 269633874339928439
16 948331975188537621
25930792402045322 20
227741056456564075 1
10 985181423042504393
56514000310415026 12
1 47407550392706699
17 863700939376063739
15 335004761270598534
8 36638524444288786
7 873990045869984989
2 553533368554751670
402341599091885175 8
293900270456843789 5
846710102592604308 4
70504797814909523 12
1 128007486026544283
11 646498548663637971
354487781340718391 14
16613266314212121 4
8 62579770478046115
581395550736454503 4
352804813419871299 2
350828792784421478 19
333485925982874741 10
6 43053582091592991
17 26163345263776679
49239395426232874 2
6 309062781538689962
20 518351352993247525
2 359570885261216838
11 768503592347901801
700786589604478479 16
501839176360695289 1
15 936422273676451960
265196477281860796 19
3 280249318573313831
15 327799689136363245
339318539942851209 7
29391653680469200 18
19 964031178971613095
229338935846327975 6
3 153787454366673720
1 533552329279673573
359799726608251897 7
7 847352089922478499
14 45549973505255482
84077815542003537 1
20 598326814743476921
424650725897865390 1
135197234863930037 2
12 734445865512633851
14975732815082299 17
15 214853735964330860
18 45551252633155013
15 507610054549548256
116683984940051460 13
811973010783638227 12
7 799973548979539194
750302785635884177 19
1 246339163485718860
929873749470329774 2
14 87725609165947607
949338940713876659 15
15 449405454272619395
20 937593170143670555
826599115215726421 5
9 609761635266129534
11 273511626009619912
11 774364776273712909
2 410742933076502110
1 123957384046141247
6 5893218452843635
17 314059871467930826
102838371573868115 10
1 632092465842989782
6 137583629591804813
17 27391440453767022
15 722770187346441863
567746049261653560 3
206958918130132307 15
870092871828956262 20
6 22620226006257089
10 418271764534421998
81101634276804790 9
844624808929833975 4
969139124160600254 2
17 711732232098370708
629066573671419870 16
177050443005832117 20
559830265390667948 7
147830038569450842 10
19 68076555166840482
1 861032980713160971
88204670444212656 20
12 790645663804857991
17 148293839596052754
7 816790429428992954
788776657659103585 18
5 723235278917025777
93203630586790381 3
29421545666605138 5
2595776406902091 11
9 681318244223224199
543304069878092075 4
149021297509391034 1
957595315499841901 12
18 455089705194907079
702328314549424756 15
764289290118056110 13
19 763352601501521595
46574918889436232 18
874875970133404583 13
13 832049521334117436
9 91397887814953373
8 971015201413876786
677678217847573333 5
18 239133165146041926
693852586634401902 9
15 785178687686282944
88734917917450051 6
20 590517663309773059
19 983381877218644478
441874445128550853 14
29149137749531371 4
530303998635209342 1
381272413236968464 14
258755410699004452 2
6663089887399420 15
429816164066508566 8
15 338791894472077789
643894499620978262 3
138371874139523797 2
3 302519885575922684
15 126321902464914063
658845633117718760 19
5 470847742182022414
2 168745606558106040
1 72259819730575302
20 184958317164503802
16 55806096939749359
564654209152081572 14
322808861421054999 6
80802331222290114 3
640728789386396919 14
889356167303872879 6
3 145711942606018952
413279064240249351 20
3 491780094864087639
202081247639821211 1
825218652164712470 15
126657421347238054 15
15 678371462711501172
469293225434924032 10
6 865849854460056623
950132756529020688 15
113760568995259752 12
732569732505829703 3
716593029170758968 3
5 49258942619190474
198481693833576833 8
643674669641966703 15
15 721916855272918023
986529918162892524 1
537392379391543233 4
685671775991083852 15
11 369738937838940522
743310800342438562 9
565394416314775388 2
231452765888111363 17
141943365126100127 18
16 580485364564688815
164687165494199101 4
358721979103552143 4
286085639044667866 5
9 42642568165671653
11 425524734208190594
44194032520656191 1
871959911671982274 5
801085018588840109 13
5 92979149542085883
10 807806827734539573
86548532811774708 4
405300661621411717 1
7 463191115706768815
13 112757771627828713
731925887636191871 5
17 413858569774914173
4 35584729338004824
13 533278077589282468
11 961474172333895782
822539343092257721 10
85952871245681378 4
595935208809501958 6
14 301102216513520417
636426753651947251 1
6 147900282285193199
20 235505601639866240
50275458540700956 2
45147389045939190 13
2 27335928200070998
5 771629981567231962
18 367890793072300855
9 671198796989782308
30814202268236703 8
19 653065989058373039
961756818696897348 11
186490528376534513 8
7 573792821112638856
722336367779756268 17
768304583033610892 2
8 155035950401482085
15569221804710532 14
401177462671316053 7
83263691864474698 9
7 172561988067836062
11 931789697746967351
