1000
949615423845186347 344895336333569358
944682088980004952 191898248703945018
655879302719459600 658800093515040585
135317664337239817 370865092723375051
721765890490487115 115278784277764771
503650327225470132 305536922208274375
702643702112603252 895955271794538436
659979641414421138 287148808366817335
120212894102075494 140642641381718100
658659346066343708 113614758166735203
335831197117710391 44252270798229309
24802173654461964 198316487257286868
659548965528802371 895272799818356905
627500225132542042 361239846577788244
223435104627194401 19581761178692095
483122562331638847 173261612476843755
8141149983497387 583708010077397481
240432706715614516 441266985467799266
492960711994678266 773824723707525201
442193355203886066 317043903382142915
446825152119135590 905101116615757406
93141878305097331 323741581568331095
731460458186218377 294852451422928506
74481346510850031 770643022852099238
21826837414819388 136112238386834510
782095466256029919 167691236892150777
138525814647227031 759483247198344387
164992352234213116 558142630092405466
238989597074676469 47945212051054082
975029555630099775 168239414539860498
220338711161515756 74788266855196532
958420083898700770 45600445424659368
63633605170959192 142162291070343618
493489929151287388 556394341057168104
554384622739116624 183828980628731605
5907978173984104 176264801096946776
767810238045092654 109237542558820822
77193299635544831 446408973583754691
718931666476757643 524421688062596909
624200742009423448 541130735237840434
541917727211946559 216870837445143685
466744574027946478 141377720609535469
57708485820082532 111714040262570182
742371003232623993 155462395442972286
35795901608848467 533430249629275160
474017012611636722 133482730432027309
220928642321638565 996844004895965158
596292962832057746 529419493956984451
53199844172681522 551588153292646103
64588024510688210 339140076443750218
930249968437552660 419931737395041494
34203923825173868 903309050372459402
621898573924932771 105955793991958282
122346685355758680 475363672706540301
755156256173998970 810044392290079710
669836907466717135 553428393327126235
617557433886412400 761256540259601145
379113574854016074 836569152514996542
183407776450520734 173439743553844549
117602023981665154 98013734645145022
834294168925256287 424187821743934700
943820636338003057 753056911535081765
315268641851444554 11200759990420821
63388842091987791 732491898077065595
372781807539587129 37331827243653930
773120217426788757 744250268538773001
557734172599109956 707655144218862676
499466292289000956 147150086576781145
99083537979782085 120672471232536572
742222618555518078 212465435613321012
930197973169373269 377101980050654859
877896750502137426 609430940316096673
338880074221276365 994685947147475370
32893422715613683 902063046116222956
911600807166684229 628771099244704834
110149006784711449 881778212937224860
877434466223896343 98520845725932156
745104327362493117 134629540441036666
593457644309519068 802004457609415105
26144258406235929 303650354590905999
959521736556259949 824774728868710585
979855960495309732 420663173707055398
679787302423817698 272275062855432015
762394166343201049 709506934266866117
442420749452030613 837427947708784299
603398376672148848 612495526808736823
181163876522892062 756783687836172597
762000856352881635 510927765210916229
948870897641107287 142470102088673944
94520656488000745 139824715501114359
26473131347962969 550168017599774652
233632541173927485 461466723932256022
102323851491005565 87688930032520905
544480541052005079 927138872440870828
145594577811832667 288723134666514217
151171672510540528 197711313448976321
750526690282711501 292184587905237382
198345469135528961 323124867786181279
233586783568250348 645015915242430407
336572945779173572 545231221322921166
589052449626229521 175901366566964503
219424174051121456 324357013990485016
903960719192131028 21619796803016157
988726500308824704 59778625761992581
231715458599036943 888825301445611459
77686231226228524 657521743261618014
618158864703674586 315933417023662514
1638026940679918 791895715433258285
904974630800458896 311160108356139987
8491370471808701 85295801147562939
908751315972500680 2651582917384079
646248660428339412 216499346955886352
988887472333453403 970856199330191247
248087522170393771 253495109600332917
462082682158695268 51329483921797052
41466227195260667 456147524344359540
629007200021819194 820168284533620031
256877288129827261 302795977291215061
882949978564506231 855685862603953793
71659084308816939 210729599954360482
583390879870626035 153219582131952427
648861866956487356 103951645052808227
929572890061693896 304405400293032998
80707555002722091 521968256211670754
69501990935017807 453115494834598811
497765527508076657 258003394258843047
125983478034044193 322092721840375026
330733265641740997 161874216083105404
611675953101375510 933179103590243542
642667523686205345 13598474675148969
302522792595937352 716526813947115822
84886772060829119 244080414562016439
652419116348084496 842653429648834853
229272752102938903 349672175534945392
208019476523455238 178555477416498467
524419193590022882 765640448759718620
940969033996280836 619834055064346320
168746646456512922 128193411506666565
897963000749129507 893851701440405782
137348031905751286 606500795144222259
686040044382774460 739006873083578399
831766608759183857 552999606332061552
734398121982732903 472357594341554514
871237946739000003 988511626850428932
861877385232370430 557526585686696793
895706057846517477 558216224294109497
997821999855367834 18946010242600478
439114128464801552 863846343000137111
749351944496456339 621730086913878728
803293392229048638 266810182099994855
122295202129385859 674374565637596097
13478550326050983 373414238801891379
241662533152246595 361128629433674930
456839349623092676 990730578853106116
613322573913201899 156732229656728196
379372220192810574 847247535791279394
997609228161579221 394074916191325024
371228878153827646 619222690510680854
977015681615126170 831854673015539375
628496968722490062 192533884131964330
676704378755068691 222096014129151258
520788527663758454 536251429376170022
332201037393399896 489811493672124554
464952928006212847 964278007538466580
9799063761737155 535665991435045928
339497553797700658 8991258269777980
715805716901607405 415567855307396188
205449616326315896 141753740266205864
881342946997850286 908292544953046737
26725378395011387 34728760839945888
165715357592891168 777192912560269935
779130032402065715 46068236976958893
941316598110218140 949649602432946014
935580747918228569 258497219099277977
791013583661638586 625824634171768585
268911687169125606 34494890754417005
146220680634741333 305295857217256471
184492207354159699 902485351204777840
701601846834861956 201547989054612083
828839708486713690 347305536819008302
371008265323486368 962764061616944964
657454385449729011 72232154728524910
925693263198511171 933430134960240885
613917789234700631 566675699541826617
644266196582884934 333856078483844909
239103812328877567 520741857072600280
798161784511047618 827728844787808982
697320552385059749 4893025195747798
607190716821709584 478120472255243802
885450931012333888 425498903486259193
266385206343330760 232675949331084384
459059374147588875 10411395254500684
513341172625423043 32472346524103250
553288820165005950 305856243997169944
43166669464272412 685450289219339737
44430242736684626 120561329061719013
75894434157062442 128370525811473950
117722230327095937 717121959748640636
842021586911462535 300350948264125322
752468475285022786 755777331550232295
773487902223547916 168973284293281734
66324569331533328 97743310435427950
294882593492924625 686607757150541243
800485869985869731 525476106155496347
85400883303816496 510782317413851538
887487069322647029 922193055611974966
646221352200972482 30746722343893172
712630986860382013 74994292318935881
715313648054255199 934779536317002185
140869319003963126 853961322674824988
294037746566215201 13872751314828476
625345114919646680 780062131729374009
214591682750590305 257937167634313909
539835052698612188 439607052049017704
554924803749877432 47589900455077404
134687072121132603 358067261400419506
206009567716067838 791982266231829148
716165225426547566 414565818808173921
51854909461501005 732132572348140829
602281756961232687 562528374543023358
618897164756469758 273016550632723399
455204198191389814 397447557728259152
867593895922453673 398199133052739077
543141557428468604 30138526217669987
842166670588096296 84818072201481342
307862418978331066 42922888890723197
850192201989992852 871066852854257948
238091232654973418 280554026028430122
877198944588815173 35609914703767305
284527119714233348 194503880506286640
154361104341371094 553414726639358636
580142729457671488 328291564930004890
184992366492974109 275342933490401711
8089375064713242 578982518972826545
853193913830861878 189719886402941691
769109565666804808 918050326670702589
144821801390478712 143055723719839417
255214775133009604 958965180020406087
20566581251721597 560520148371650130
617238727738450376 677668668181505433
983963985044602654 860785320539591791
26653216998429900 133224477801134140
495780405816713843 176500632898809081
549210685786741897 576783087796471224
752905692603607 380821617413860633
18234965954220793 936628891849856470
883421295521811680 43242024986852152
449428978029948755 468239633292538272
800359305883534954 150244523634624255
302796101023864338 239826110956548958
942025595661316748 590558937954277719
814660249010219246 240839477119964825
600317035564234656 499202751858517097
953955340096411360 102727486652975131
42387204737143103 895977502333113245
448367166535691297 972330797269251565
77847834855809089 641019383034321822
505019293382697515 468031703153811287
473822790769162944 614355201291422292
72324061699600309 317722758844048610
675422867217103893 977823758646712039
407535869929609402 161858098201696344
526290928523039960 742453209295253954
409123088832773747 579841591908928706
989358182436117219 795060324886992012
419713813382836055 351983412380378728
255351461970319695 7074452894716463
252554396523640608 638598593928620755
228438487593869429 566909421885695701
912195341382479560 89288380452704461
328892152739632621 629952609808664549
703174513559276679 563063167698178142
519760157351543953 803752810419876873
562424240434541526 155012145393185487
874383104886353017 257125652668777259
168095254504260975 458154298307158698
144158893141021440 899041062147339890
966050415803920201 130886138803223480
326025622587511485 29316012523374664
125696787261078687 464886830859082497
842017556596353929 282144692248443990
872463098452534761 717138259134213838
36297496449602175 123482726512996229
902255601584185568 760301115685963433
119179533552959990 724478648984758270
796441684463071358 261813475167314779
817258849842153864 140748388129137962
895281357267694842 404647045046699755
93921690283220494 574507753982242738
712453462240230351 148876702427268261
634638773824891296 635895673627748735
808944551925583797 799831914041102607
191181723363351448 522776446320385466
54442500909090981 186737890987414005
372618755936286862 435090044202209483
959919521615584217 78086245903429213
448401173181868637 142827603994120285
21743037937019848 137291145382977170
374857078393835548 859286980094870360
124392576078026797 407771615770311709
362639105852444197 197186294910908900
120314957796642304 880891857995600326
444594356178394640 959624445751819628
538237914153899898 298836629653957526
43317685222923959 331446393564029079
468762726261566485 945712490463143639
997575045935637555 976222596605284176
202614343467434120 144650547094569489
212433296287565789 227297644124593854
645097225376569038 590107995069492494
756169259906529357 32235211375222092
578263014069898783 68483643301796054
51564655730149725 755341608710742689
839903547595682548 261239590003034035
208207635607241766 745711634504277927
432656276134022919 535685805570039085
48916132608423680 516362335791869576
703278756907858255 442505094175895054
453919103397561733 6084001814913707
298586274061903367 47597235607785566
458011889135728782 452977202833529018
497823758967191207 500195219815508838
900298982425988660 503347101132080798
168533043503647209 141478084014426032
145091037570304463 390977944856234880
98713670910512068 989793967778242309
413854559081235449 351940755902971849
647269357689292147 237833227688258669
435658370027240075 192181798887605538
534757387824049518 196721542183124017
779334416440582301 8138106760173172
646439929606371182 946008994878077915
115117672880844425 907317816681224168
905996975907398764 54285583001799219
935367210430198248 117159305245288167
842938897727410849 605604574296590146
275181726604631442 164411224696908313
313327510043413895 767176520512021587
432944696857909665 748563977889931625
220356419495894486 51009164041925612
79148325432628078 239163576867239423
928912422748084615 34769247703087576
588624719586626962 619623271660374595
680594318861759443 693837766026918688
996694624294531045 137494103216687584
925732970848505140 745561578522660364
25379664325924737 177790817726593470
126442614977839969 287609069167454757
651307471487428286 595469336822564869
242055018881597781 212320441754138677
826010547669194039 59537624764275744
531854128292450120 621832081088504388
737847633573806019 997008067611387574
581710521586754228 395489095801103260
838497438655838332 937254641750372785
24556193617882704 216268664510240965
104739274510112442 150122274190127163
802235572880749079 985658105341104009
217621983780996887 60628990220521147
191823302747409217 85435511461205744
518788602093525868 510781741909967579
373494191853470791 556733135463485251
36477492825135826 480086366646999940
692163114292700386 668118426658060812
900576334190170529 112076502525661407
530951664653435404 24242068652804628
215948044304359795 670251207151195221
32014795236806140 51025835042370403
783081481509785889 23192457469567119
816698929803159597 339949390264548162
54064266879818947 294765321065335158
941901819539041623 897845672618166331
311892446322066867 502192139601595443
232198152355694452 185590970067989014
543937156352631434 206217521114505007
384718351302075 61494352685404637
244995924814163745 996225825884160531
697539831809442983 584911923320361432
902586095787154576 140335797501365704
704230139437059568 736580875757141393
799960949157421361 529528854237283447
133385996000778383 291945407967711696
348164954055264412 21724777224937864
9787064396660925 542053722704989343
501017387195761580 621302493826886054
531772584588955636 402346795056069958
16822606112749688 352355622144621241
638900199510068460 591827304572785742
790706772205851225 520789772345203689
38369311961336734 895051378113721217
504606924396106218 281770274918763937
314056142770617667 882673742421392871
265380338347842818 666286266477599112
258568972420481108 632028069661517770
713909956591767227 689798719820685960
829220964627116171 294715435652941490
439560245578958701 379085999341008075
868786421928654560 817219847631282537
159803516058909875 339445304046917048
131818584101001611 49767374104018935
134605415684147555 169605915010831353
393543944532298760 384576253371841446
122749579130224025 335371776561354616
782023056778346253 252854089537933054
478394862190128812 584147721007673692
428491443349057685 610091260239619528
189730218174973751 665554987813432335
105257861582699479 44955248054824206
670005586438575888 52152301255875386
875974840467040590 499870963493118745
560407269087847251 200970225020414918
580685808503275187 297338555222255473
62429843770979927 39050857315087324
97852025214799613 248933273116609247
893884168406953910 154496470992782053
605886928225815143 528877682852503405
468101489098544200 46440821650649482
68519917252726376 88462338590050403
308881878395493928 622151887092298164
884961346398926267 835742471021660747
617836412583234733 70568905067323020
221992957671336024 285491883097807597
842327474707084400 582953071448657018
581732265365187449 350198625188655443
396049097964195660 226283840483711273
910491699877786005 143186683874006469
532212146837294168 205039552813726593
625237129653791335 546274806769594828
452755297112874989 581848151904670634
334168207798162151 694894005577769010
334627645629617062 845286751730924303
251385323551524175 628287720943041792
897447547989907034 630110131077141591
917434767752546582 468786311994275197
665318432024661027 438042182089284461
461300470310724343 989430705388689461
146208852263067226 52583600311760248
85380759326450921 875999321452193007
246654613968456599 412302631822393571
562907766344334887 906036274190228660
686460937977214900 872861994003981653
28626459345898282 58027162639208910
719388336805313482 80274436159300536
476460331091256745 843419134564906949
6443359636026929 538807860311189046
397233747427914911 803969930487788386
877940704979573379 484276053304676406
734855860996013124 149892429424356015
206793958144246169 145924890491407970
606760218205400593 174416061204960501
129236666748107148 161380764329076387
177547333985597631 515743363869821628
306532612878702004 214302553208424482
226502795229501511 30516646221665741
798548023393910443 531906584118090568
562369767532766691 208520129041989938
478453716506362441 64346674228761022
744034888480630795 504946304762947891
59042896978076585 899205155139810925
800862318287561336 990525742168525658
507714769091914530 135170656696565118
800634047116617251 378020804523267695
308044082060752461 602583246683067482
417032806635299142 48402702983199356
792117845558446085 819407251179598249
803108727199543128 160168032951515337
96578522043045985 170435367844128086
700279213787195668 369461713117246432
35985124381910203 781036805589674121
617673797841532018 550938800602431369
282298808405262251 167111160982515114
93809219690599595 365352956708073677
14942317453222156 26048921916797028
723188708381882937 132917548834549238
947188133429523957 40064258341881247
112063676479935188 789524759296196237
199625144722993343 902231336037624707
57989694249015669 371722339072678745
20844531978279173 425695298780060027
117309387249903189 125713482668260966
437639946910210974 28684206464553006
19960145704976109 227866798464611066
198608045608245923 843544097558718854
390124822675432950 352410323287926177
577481265305468271 978273326517053613
619628031091272554 392011862579557409
93813725181378713 849140782205995530
976654538265345153 25367458289384837
80253029538055675 442220222097494855
479743689732617140 590808778179523094
15017728335537326 34111353149088589
923720178498889916 42170388434543452
172132679304460554 912414622079484485
682886088616378515 587004660630541344
800633161227875497 331879943628173720
43463179937070449 183614161780705388
386345514845302372 305120922214857711
771075794299768527 179336935417533833
984153497155777107 253131675070317875
66618122771571046 266448955353494015
31358346489879181 16
10 358283997378831613
2 418683297132990308
615912078122859455 2
20 986357946281609107
7 200155501287571756
515441858363586049 20
60661565880650558 12
699404915259961011 10
19 49305004391906753
722892212932890877 2
15 413174873484115616
66288504000735994 2
209597748579218816 3
9 142826724506880572
749075095425608337 3
17 233476696537755076
844213940907235490 9
5 561434358258175285
41436647413122676 8
15 889609959358343494
7 70800520322726738
400675706280237430 9
8 92877028672611038
17 253754751738252037
270858797792670766 18
14 343573164917105952
1 775988834522591257
12 960768350231545436
20 708492682761226956
3 32765570519469926
12 17785636235629730
184975589691797242 4
7 669235794380092979
913235186203697939 16
10 93473266074899371
18 813702478645977954
15 437454213723237213
2 136771258070329601
3 216752030536188825
859192122492569449 10
20 112008219784887228
234242034768956067 1
18 39250645643678854
308761858484260540 18
871472004963468210 18
3 461078269790667900
223541265324205761 2
48295196405602135 5
619445991612672279 7
2 452046951006300325
20 842217133740405066
17 929976500473287695
1 149736915321792951
701946916675105099 9
15 321688135871281238
13 678460559700199177
1 232760456285223377
120272591551439662 8
282383929708418001 19
12 164375469949848641
5 151501839420289689
35752361826304035 15
382509878591587799 2
598273979976414212 5
6 75946521279844535
497734519369714067 7
18 376144378933993785
869460909196029302 16
11 110898294437642950
14 569140734266954490
13 9524821240102911
792826370425028877 11
8 41014574746830806
13 304334777960244330
214673701633657312 15
18 41262784947772179
596272391322246634 20
788938945704226053 1
988151100960623307 4
2 916516792490157608
16 473398339872505979
12 100345245422470534
566725125559048546 12
875653249683879358 4
971974349884323571 2
94429935127102136 11
512349987648589178 5
19 589970401430093979
15 386542585569473331
19 889625998952683517
564037742506854044 20
5 606851916013890395
307243940982521869 17
94692815021525449 12
552240665249448583 20
697026768139018987 15
688440905312976842 9
11 651689436029153317
151070395707147180 5
8 651527851822155535
6 826014758762330790
364074236330412333 18
80532452109911984 15
6 70182901775738077
20 478694402337881423
7 250832009350601618
12 229525893875174893
599839331169616192 12
18 133627912762525546
516086133365041432 5
10 216802722277633521
246346078963282806 9
498456692922763790 1
121049492473639192 11
496258150199623166 7
512668441351098258 4
972549678111553095 6
6 112009688866865919
135889756814690697 10
14 999214644723769594
968692885878234004 20
410420446712488142 7
13 740471600733116347
65547150810461418 20
8 213657538107315817
193381680542839193 11
295028666622935538 5
483485547853739248 18
15 581430451492015789
125173039427388424 1
8 987823199536486977
5 234170713398546798
153087761034331709 16
4 343660685001171160
8 36154943939289580
143493496801328155 5
7 102660901981108072
6 120900702828146011
17 491567723770400749
20 355923139116069506
197959904211534705 15
10 761737799938448884
6 271628979268478834
634116834447235201 13
210422862004334864 8
552401600247953564 11
9 182643516615351901
203599022532747979 6
315794054916553457 14
3 865014267926718304
545726334869033922 3
15 35013407221993831
486228844435680820 1
4 17956529189657312
507755544899376749 12
16 894148239969417775
2 26219087578110187
15 433433087781289169
9 108359583910001497
536380255673574226 7
711948014774569119 8
91674534667235964 16
13 420661448120517690
268170428050353618 19
850671372160751820 5
906467336382246717 19
8 365023306238875124
10 123974438589599750
14013737258881376 9
14 79245738405140229
985108404344651553 4
104361952610656281 20
15 691854060828988735
915641698507436249 16
632511739651624591 10
640884788976512649 14
854568875661713602 19
856305870369237329 8
907213936508893631 2
1 887465099867123882
9 895544034740672564
40250106291594521 4
212816526951306088 10
4 14280802349005601
328489298411005523 12
12432712942101363 15
138297225203159538 11
22926150484364393 1
629980817672022741 20
3 492763592515154099
17 454476261608990203
16 857927301974239057
307591420407888097 17
16 301337398033180866
19086654783381718 2
15 827829588097564027
488944194436162961 5
3 721696790979185051
132211703804865286 3
616638276663290334 20
278715269244102263 6
3 20112583215502801
117873250480523976 15
10 757682164458142534
6 329696533169995797
944023922886313735 8
1 202854521824410246
557246262928428751 17
793880594718884963 6
70969024406065271 15
68910400746131301 18
9 620930242454125166
11 570252575690039629
19 595123789387002220
490473668223430584 9
15 912845077615740776
19 155518790603980594
7 34922230650623943
2 481053000243878282
111340590602157272 12
13 27603234755719014
18 625838461071790718
983680355629660440 16
8 873970304147814957
5 325358340051233457
5 233529028213756952
776121992117866325 2
258050934079480233 19
1 673503613009960910
187916310263940403 8
5 826351147221739621
38509116804322020 16
150751486048768493 7
719892133551367934 2
874065923160875554 5
110837071598417223 17
861151513934972722 12
1 236632222936778175
768276648528986777 16
97108123273925266 1
120602988923553587 19
658224996311923534 3
14 796073745531281038
342979375781183831 10
8 80764358854912382
11 216406564678238616
19 2751989218676724
19 741742150713171836
6 203769837949039632
232631678743237917 8
11 655614566581025910
15 89662526242659516
5 256848964406856159
510679801272067954 1
158214707249196017 10
20 586725671496242470
12 145873651306260817
12 638322528454402496
802539643999727351 10
1 939050434126576541
20 127590466903243459
3 280136312067405635
3 53856841655129422
20 383054226522559575
1892572513677059 15
18 766916481809909708
18 814473978289730671
6 535187946179673950
675520275656150 18
3 65500519462261312
79224953478725127 1
18 703882641880929042
12 656486432920278131
809272383153764119 4
1 793523154242332282
5 416224629130708645
17 744472780169856005
14461705496103645 5
797016269211458395 17
935564784046484637 4
133111062459285549 3
93783150816917684 7
4 357876046087490037
4 5771198194154838
473440756161011070 4
10 401717696145028304
628451341121435077 19
574888158347981181 10
14 267300148636254208
689347843493674745 20
16 91362784095461117
62774143020379286 9
456731774668614062 14
244002556475815181 11
609132434937870594 16
526027042122119031 10
933273378740705528 14
631909438003918204 11
18 923230708105736431
15 519704339513494219
650819064053446465 11
14 514674292746637770
74310628471866385 2
938695919675632015 12
16 188003254913472353
985945115663814929 14
36713146069837417 3
626694236863712152 9
13 996309141693547556
11 676130830197555836
2 650207053601093933
199541071538788364 19
4 180100535259160266
224312575969386444 7
8 13342508985700679
2 248666903972442085
409298226382146949 15
16 129860573746200535
3 9519423053385172
840779726047496305 20
376105718856530430 8
136607709980285188 9
6 906249915441839782
13 9438025670170068
16 384133195250114513
54525464541418448 4
98522766712576706 9
460824464516236676 18
10821080356924172 8
5 208870178662493517
6 608166981681497827
282861205660862668 10
20 526003480195573428
856046723957402014 3
351094188060732405 18
92038722845306698 19
3 536903831695178559
73633966067521148 14
13 383384407924891035
14 183973273760682353
12 674964935785755
5863835229167027 19
762680996086763690 17
121220461353110280 15
12 4642061660113702
806634221882238886 8
12 12100252306874796
19044836929996201 10
372924889576946996 17
19 643765876635110855
7 493096828327553886
9 810103256645964610
123445026560172684 1
15 459539896420719904
87373074768981298 11
276795962772887704 15
8 362400236151050347
3 804499655118973133
163615531174019533 16
2 910348790925100991
641478355527008383 14
121514388223192191 17
17 6478333350831498
14 619506290592819875
7 222901085903880045
326584795837890298 12
848151643966409973 14
877923470403419522 8
642511627332447053 1
15 992867011247248536
14 808956272478538577
27117029758261615 20
18 345458242007958056
4 996310163789566404
758421955236333843 13
558717370868379345 12
996074477757530241 3
293692144302140800 2
2 85391806665902693
400132651965779938 7
96451471563034569 14
15 927193165508830176
6 85363220333987
485180710414240561 6
5 42794087358956777
255260817081350285 15
12 204198592102648289
939256095469884960 6
267730430740229820 4
468935552481954114 19
716633763698111844 11
4 867996923335755623
44058699039143058 7
6 958068601671921746
7 372968571242069028
19 595193041616052623
914803283042272430 2
3 45400924584556320
315894640161504848 4
10 586840930684792183
20734005108691657 7
5 323156830916368550
865256050831519434 2
16 518632085317559507
16 347981999026710157
2 298998204497253359
837856949198195111 3
793667868142333095 10
508634504730901019 6
9 20892482114260636
16 470487513308420784
5 745617414709551057
41232622709827718 10
81721391828666211 17
16 28005914375508964
13 444671659455981949
632350876867095637 4
3 3243425914558603
7 96828133281395700
10 341721168595398574
552729289742183940 8
446330047210556017 4
93181410703768773 1
19 56565606925798844
19 13889136153436804
189186263498421767 16
9 997719552071236082
4804386926239440 6
4 892539379599096247
555164365739784015 16
540083239024006983 2
85760214903052394 9
4 69729317024390389
13 985137052925931492
9 680730132304185158
291695536789435611 13
596204597921349001 12
18 906647771442452850
624934655389350310 9
684256739298078155 10
84547297836659508 3
18 747057486798596153
5 745673214944092624
985699724484544181 16
633450503283731114 10
785337476895882638 20
6 38960588803132768
690898062968366950 12
425626593994646544 14
1 147612265983240794
875998699956243114 10
16 864301595016087169
93488792335647108 10
14 558842425568067993
52630369556815666 6
469592480096855038 15
2 381434000008406421
14815111488142044 20
17 135605452710776370
913788223934927782 18
13 176373718641369542
9 669144524138915016
424015406908698392 15
6 359258708066342809
8 999491547331310864
5 711241761596221332
3 960127333677831174
861805839059733193 11
101535685776775773 16
11 623708756776867727
320011724287721553 6
665076744593480572 18
12 77908838618359565
16 348723231377184664
454097446404468482 5
474101832366380494 12
334530133472016757 1
292471501592005539 4
10 377619136210479447
5 649562803002474028
4 226767776685750107
9 320832162443221819
16 534803832390511939
7 851935300717214682
36806622256159867 16
5 52153629865264123
389384289163731946 3
982725423889290094 16
942055499162573061 17
12 446914443980684307
9 770829934143514662
19 117097848508297554
515935309571129373 10
930116211661792457 16
600494515067182341 16
8 427227027068978246
7 55327910019810906
15 116156024595844342
678937356367746121 5
