1000
171255250644561478 666683135768892740
643467720537160348 920778139013403779
484793066438765333 53617769203979252
421841485234180402 416600814182700913
535020183354376008 788665066882131433
965780064951238913 237950441052514784
461769584831472602 962446210186617325
831014754220887972 134226211628015930
10739817885232899 722245953895669768
268726873457715185 542486761656376361
407137561412428860 298506336794724740
793417703238461956 225559533069865620
464360848145171519 572415149569566953
138881305733348148 74916168949818789
763590207098821891 337792123458501120
49094648898852380 137342143851933637
915428562693249475 480257869898938835
469653276840303250 570592925888828573
280587125891781367 86339293471012523
644680368299924914 434671137605734678
996132826020535896 622708906730856464
613929486856419795 341991541832862553
625794033035009759 892157632315004619
392199804734054031 483452552717378255
951026614310884550 59982973320871142
536994927629213886 43525403959033889
620791894550834565 680482726066800041
563260237478103675 226642310600910136
484245233290023893 194092917884962206
816779170159635229 365774134645210429
852375918648393647 871410542153384589
889086472607672125 949170388417637529
65454898809194060 157304444808315775
337872617899854006 882210243142115572
214037332507519526 615078797938352318
560485650035297951 513368485782790457
164998909247548149 270689529749361619
902966237797252433 49445418325564816
517719767302985138 250783322558203782
533514337306062439 276041656643223393
477445606374823062 891521563644340192
315815112788746424 972013972517370199
728930261267234586 153599150109667883
71065859497904222 477415610621138777
698145976195066360 107150874959283440
451337123885670066 25657086484909714
425785249561409320 734837921855598582
201353332696871500 240644124289011049
134954847450883555 652604127149212745
338083937564751622 80905952528436104
951720960502080162 135923400960664623
259250708661327353 30855038556379609
14038713243981599 687458565965206323
770138112174620029 891642047732085379
803983324363209297 145955676988622366
192170966260576556 890331625108408560
409530758345859187 712878472329048824
848207860585486815 247385319872895433
245138060279188221 825558374813655307
559819821943625135 203260846928411383
619578108981131432 113378413020018911
285434867514623988 127024934733638563
150360287534429550 882925896887637053
228880481812146504 542917408954557494
96243135710587526 615165536661786159
560386166098450307 392202204260296281
854301908281241195 756540684056122109
984101534312129984 59661077082819829
750994631808734421 521883900851482673
305473671507864662 940865415235345459
998240474898710206 73797000480367763
611049387905865950 398676814187680124
260832289938205277 478834966027153453
71280230079413811 553890927833953145
988949258003055405 192341967564547143
966734732696544364 935472812352004626
915154090236506598 14670474189566826
409206512460880099 354058791381755506
692678308931071105 117428669736223072
61731664771284528 81371655138329345
4211023671985719 999664384734507826
94948602508680238 347288238050673511
588287080243183489 125798534845300520
519118124029603828 283932526832864399
42443942379132441 728676429094943947
751993351741127643 575559176728439968
614076622995789047 989018187720258789
727467764313249662 332407201082436357
697927473220478036 144137120576303486
75060783863578548 116806652787038309
168035877346007465 361652694252637664
228917651890382486 746370679668219563
98459322973652912 765737949933422227
912750991135474559 932104884781125886
413438397602909793 87319678990616929
484162803697787654 81423461010111432
984165113925987061 455109292181275986
878807936037533445 171510282251564210
820253753825232869 45627076601428656
107426466874123925 929015617232251557
707779867440696554 109801462635940611
46839394158960142 173955885092926923
318104225095249661 693443808865257748
631349107107061514 69790518751455115
81550576416342104 204801684513114349
949754005317832802 8662778035985039
754818201737871475 135315129329922007
742345700153216558 14398102622601920
683079208057809927 15554283135976537
733140176078846408 86614999621303623
132033777109142798 53152829625105983
892080652623104457 921305375156625548
90926294590802623 89027106253231759
2133464618932745 243171256341285946
63822513190877589 317780518253680533
991941445673532323 67440626216073529
107736676290767688 314091700427992279
127154040045946093 114393638810536370
776795003370569425 141784761823441696
412862712073707907 683251493087303950
231024455414624361 921382564959291513
785318088291017276 66491547138853877
109995313956448650 9346022406822954
291134064267775282 270673952184016978
335591020778754284 565908858508361404
113500056351305150 42864996583619916
56242024547015303 358093733239796217
69670766000301177 979390684726592334
296914851243743127 397575312975345898
860726392389252923 940609263096536063
832543575906813586 49996811138115542
956918981477687582 383283113732131402
755899769794487091 449249911582618697
388808860135154298 775210543879223894
350812857301268081 983084852854539529
162037142880047337 704049730399785357
660075250716206727 789931691602379298
671887145271289668 56945047666179737
747152615940556525 244334460682200282
118338363476448676 740685195266492769
722501667682183261 371618128148596668
990832134675370337 485106354255258383
158483426567579854 109739604756330129
412910267678745877 481025622367041036
115680999304119163 488386311641218657
85991503461843097 336249027336140289
792994218336690396 738222333973527925
92458004550076678 101959677950308311
318776052350002858 164214349243347799
769051649901144244 228760956373572023
859656563562809311 19098285518885071
121822466726043453 357601829932524298
882288363186164914 765159959129130983
699524923223855481 817020342025159801
332832195386854046 489218697299450855
314022343670765954 649742879071129581
204510231545930843 234541845512155481
455305711132481201 485728614156664975
952343380814686690 109950204072500741
858941398942989727 957469792240126664
907959005921820781 10327986650233077
73800369643612196 114236475604659264
458795025717672563 337308720008669809
794359717953332570 295930228061486050
462977985766795183 413766275767368707
204954281884354970 6304481529706966
664025206006834457 357527828928063602
76544972331925117 22105155900022660
411249194763447530 648997496181615562
958259984741733083 266361386842451863
533576147507963548 545823306710635346
968284935114181326 376114733335447030
601080305747080934 109390908506885523
749870851848892334 423069879064537036
798520973287329731 160550103492852311
344871216705560598 481112738013909888
340255777642512491 71173473710570150
914216735752151005 194145199005700284
496417719149561175 801896493038764234
847020779151861788 649305505164427370
702055786537850945 999624713564151883
92493879934121774 486179224271776945
430390505733144609 647276552927157747
116233223364518058 75932996524873979
66456525344612655 243198508467552202
385269756555435370 89008558767477233
862969869947800806 216008047739837721
18268378017569670 298174047355714940
272840602171871743 492146880223702634
811669799182831193 675397884085168837
363523107310079089 63504613883993477
113684971464703609 583284431521112629
79113403236529527 13912465783281012
391496526058543554 260050756413420917
419553254761313161 781029461471056512
340364197622514507 234580606043361134
549630039900400224 570868653265580592
62899309524575086 893801780622115913
825329738031581941 690239397491180368
636793971707754436 897423453510033775
55617561135342465 502579441642509798
223574673535263526 204570630054837641
834704320982708094 454518999445932861
554001237121498540 794153371866073215
39325087236532132 490512528700384734
730836666696230064 468094040868739964
313891874874397164 773419077890120081
255551963301857994 489260737738197224
791038792470696335 99204418811337567
901546493520431060 537440111520590955
894673353652729607 76461829939556754
517480778053609703 582979951562259184
672278022217961483 82173803038802867
665069196964446300 454448013409735326
209541983532496790 288205754847554186
422447958334371275 558966069449657056
351117405488309728 76043365551702048
563203296126817806 297158342876939357
115180850820857955 63215918505586623
818503946222592830 89539672706906368
108276152592509398 906382796059362799
597400018055914676 179531639785327600
163283045589570100 939266931953172602
860465569364342536 577344570774804887
836766207126324917 128909090545081960
228622559187639316 251589128229963678
282512282973667794 795966734152544258
315442391911746288 919920140964648175
583549951057361732 488356611760678610
683224280005181431 699412714390235569
402490837760522245 395992071725458849
716145247222975680 591785265207781198
313725507777976908 71293048232906871
341333051060578340 592117928806938735
65204097503801748 691001873690074269
748953930977492542 409643994931634429
452043713999162005 388590384475349149
501423598079541349 187908042902015521
578168342702882633 362943120343032895
865568030936675635 73022902913607236
882837741342328551 598972861850792077
768561111568631936 933792597223364878
402498451729253866 435420188379570127
977339843885243238 470677034932023146
949987914115063306 438284963830427023
207393121239831614 854042110841838464
917726519356161600 815387736057448085
455168819294056097 221332824400054457
609878403658412741 984274868404852970
800949188834724711 314936352611347389
657088788123940115 292658131651683288
435379753979347114 285655578253464183
431326852086774754 44873245284534248
533006337030662595 871596539515106318
72168351451564843 152044857981212386
360923094984095562 507449783053271277
442803610538017831 617133682990785487
305653256085290777 656440058947596987
768217262932047183 102630509479678713
287288318609345609 766545425220082787
132326181762280029 886704937233246696
480631339910950707 143752803081812492
115983293321821257 195295819836153702
882398369782140271 978727615847891232
753196681588040012 769770090572245883
879193952881422807 996767670704992329
98647686297959647 822895583855875953
120801850098490500 95947708747439982
712667659920682939 371283309248138704
782176799649878734 303057038815481785
5982153539708890 802659261074827873
589621565121048399 106006629286427539
183241090003267699 985145761820461614
82884243235893728 950826305158227621
893359671637131777 293473711722388352
641335307603759001 32906724552814040
102879483238797885 482589972705914335
440081175155540692 99769214121645909
969611074343117854 643454273323893268
935046511937280810 936535104006021765
257406478846515167 229673657931225641
666166271316708724 710071792278722577
209274019880155895 930722853264165222
589476139311039434 912909927934007778
809721903888881697 475382610136810581
186112407298862470 13478778368733985
352030031323301718 269462039938543806
488735314961813313 94074852189677623
770692271729540557 352017720227460522
190317816764420819 42332749653018316
291440709965438465 115758114114325348
976517499036800854 495107164503373259
69460577866434473 180721330458168178
175736009489662243 100323892548060508
686457809335248832 808801349664260255
703141805131205075 472987837461069543
941795469098027135 318696463021094643
251894706733600830 986073138196542743
502623555258491229 417929328882650040
84317505518545022 114915521888211923
236039804779390741 6179767690804599
140719919377673195 381164677653278790
470975885355703198 507304825673726967
148328088250272031 849957373388789975
565821050901323315 825417140803696708
718017727931012084 156270438559360304
781994342185745229 371237922363307172
230012321786402176 684406350307755579
698576374338370723 935774720804705442
930686643306568735 65025611689235999
85881539632773424 493126441084611847
276747996329184104 119345423596578886
14246783629894956 838627895921791963
879399694002531381 50153124403698009
492281697593074192 239261089770238056
848381567963528350 233153729249386305
811049771597172373 71307183351139126
277368934553960445 631531332691417383
29256252364560052 165020320455155214
811455507450105579 751957109140954996
235169519510209447 54211907948553210
603161398097372993 976855668239668177
725649282331708390 861808080739215682
797796896480640023 826150513539182887
656768961424909098 243837263173802864
489118629985715655 830941805917838239
528581349087300204 651175623422564684
898920705847415274 948032587231375522
447110337127669734 438511763966821088
332901971948688216 127693163624142553
844825721100070671 196577894750947700
665889064397369900 493005964889099820
895521255864336546 13895284346060689
144817345942969276 142881665108983750
387710949394868887 197424969938299138
262232755049042596 25455474317610511
445209398656032808 840332149230291661
88734079909265083 423556473460090031
788982803545719244 236336471493917501
463986408828468507 145756251293730961
457694113030270270 212576539083698650
93982035653259293 317540508926273500
834056013300583798 84843839874324334
353845484917804889 337387430068447739
601050026923354797 73058962916677121
8343480049285033 902874368922075029
73805843346111068 91739502648994013
779825243170962214 119888825903395477
3004474073870140 94497974575983754
374364384541880616 140526717812143650
365733204300794183 406413719466880722
896707324714370634 201676889782761126
709666827765966261 138453574963609277
111842831352892515 27667645976259018
485580307766628095 602596234630659221
471706846816488076 174412801137024632
767823548106804446 643746754242177506
988367664997453087 56186883361770711
363004616124134476 443069346804611437
37429091866670517 818634378340410961
142643126159374209 697015568609009472
689909768462551847 295164775063610767
692913017238926838 879491990375637156
127297164417927565 644956369780776570
105919710729210980 115010195089564704
361987175273738818 2839780097035835
476908417947477188 593670402783281536
499029583305841628 506037958001191739
542056842182133328 597514438292001226
762621767063929399 167456920894469410
482019071357986175 609420066955378506
910916404293637738 137536764460139739
100777851891774476 186391715982808454
956461070323977935 425007922547334286
934820384338407663 833449355913744713
733927444522612479 464162969272842148
432518351016769634 959319835261022364
620621274206273490 988815862783285957
368583783801164764 55816923169243847
104352317510651746 140703685789344732
259123039394630168 571378328900630611
44792775051006216 108123768220916240
234821993347444494 561160330754208522
312219966767596892 163884904103640524
608991897271596023 172366372464285173
131099447487975992 68305710938642615
291849310812845900 58632545067586907
718827689141228213 413431057520201148
970142429545157831 948143822525482696
88290813152208684 649490595544443138
910237582945842528 904992489089396994
686290611159336245 805303180067139571
290139294872756048 661796338398518293
890576926470260650 56146805931209017
767430599473628688 881338573674438983
342149200252829347 138355198014166203
434894004937759321 571305142973086499
665836803116203899 681724912683101091
306121574534748709 110708079979042162
426307037692720329 706406969950634074
424022213822210220 817614715829787964
460331492941196903 108516935587227273
581613117048960615 58006802528047306
138390771780415853 227477094114937625
42529738581467407 424949453662637990
779834018405156917 107902637459358771
955763118492103581 459452953113127576
984652706412515928 67366056850628928
229196913856159307 759226338231169962
436883785388201135 875566072806996713
250082178289909393 852073690427870756
236664937567504722 16249011379520279
146958746785869608 916650393983630992
9269628476567451 101910946442433779
204322192556611593 197094912815102646
931460094015167523 206134430256071910
653725063902723693 29416956561029536
687389778111449282 666393512171024536
864966260749358286 103454037978399638
106853443390760082 110864111810006772
831489995493722852 724581747249971746
815311421686850540 25660644314415138
585052761660284328 451682380160045068
566120786120773736 475733013421104522
916162927993071443 53434411358488925
502527100384696544 825341400664328663
636037300146761566 922768353562188639
877963272124883309 846809849630425328
755945978972486275 256317152851186842
471033190609343336 900011847774021632
596001122702842554 622075033896334552
764715824976997737 194186159210143086
811650666153574204 68291814186269985
902373231114867530 967352039933626596
655458958407025794 149825882519977919
714173897821199908 136052023017515852
3565293347128389 495908587686867002
284716402292026447 781032350142197453
464578235697603967 683470158162637660
673715289449541989 561698839386715857
711701234615495784 193358811997744941
24684294968903231 130819017855201281
285959861302348409 895247133234354934
50300129269790966 8270261353668678
81319295948598891 697973001093893953
988269730799148258 148417154977183433
994708584687653944 34621880738452950
16208345213852317 49005808410778611
411419609033151767 277299348263352767
42459277608091648 236703563928650093
619668485311838083 998911725158946629
50486251854860323 681378928366711328
72411400677261108 693676052958391279
431174947133576032 752320676568408629
107995308065930531 956676047018698377
244578453388404560 550539397576376085
282424294459170698 286667120593401625
246340622860324555 323328898359820137
19348641653424609 571369792563453674
149547076514005483 31995409196413721
483777778344525024 890556195076505733
498156675776364041 72473099625075536
914135532492486275 542438222452944818
81844409830790590 842947738227626614
119644347908518400 917134199107273083
503519490471608546 5707691539606579
271215428848476113 452571324719455271
358740570544188559 125112561890014578
551578533977075120 119779086260717378
191723744379783966 164942218541804634
181810887458412181 73089435734424467
521660347284841511 820627975138904150
294768645325517497 135183911597421347
104638325343577220 628111722782525965
43875666254776213 905917592832997692
112881540588006990 143261151692704618
782714655088105443 635961674774067814
243679276039268573 356395977006403476
20788870515487642 794497494407910507
592958437418340555 107306736121287413
602796607100635125 483707563212219987
69809790755276785 652667341171071798
276606694488829804 465515574814482535
576114278472115560 998477346598979393
107643971757703609 423155940737406001
809383231048533384 550051031403339581
199645558038471635 834675636250166394
442173580093774315 597345984798352532
262425240122169333 234961120066123082
842597836215286122 270689639188275695
332066770578623895 547758417368529898
30367270604353565 720405593766787895
338934559926055282 888865152648629988
314901276405583710 72645696312114581
828218817397128575 592483536788248064
945386813263740358 67393851440410482
221575469387434232 84757391914318408
137236933564253998 250042420940284022
149462867470129237 839674603012355588
792706310197095598 221046873597245836
711368648011588798 19
801538715011231006 12
10 96181898780441244
40849397159705754 4
782181517472258317 17
12 546077111040853911
971830717491248014 13
11 922667152149080340
1 891283161846154867
255384092657840725 15
18 337170519713575063
16 803790426215353020
476931883983445589 13
14 918315107597931224
427732716959637943 16
8 118059023968968380
466010431860003822 12
802503137752095634 8
18 88117874331794435
867763223903958129 10
468118101433415373 12
899239916179409516 13
685067678560850980 5
611431316732482541 6
725873046208027989 8
136200792912017218 19
635529409310275798 6
430601287318041718 15
750129872838467387 2
110565133071315554 19
455256674911147370 13
18 358909760101548804
405388506999906316 18
5 978153586385285905
34123861678285892 15
719327526712375495 9
139410635435862436 9
20 933446622817097222
17 902022928701305182
5 147295513445269919
3 439092423948523192
846042153133992940 3
10 557270844386520259
675315815303557794 12
265849155305966925 17
958110856784664548 15
18 20710365093956885
279261920412913818 12
16 646875991398959423
268209325006978561 10
146548821498479112 13
557298231428245124 18
328321243897263803 12
822430556297822666 18
852941684715697892 16
717386129965001746 19
6 31044675672857797
621919110227727548 20
638599547448878343 9
932510374371998761 19
321509026871187378 7
17 508596357256893638
9 101646050221209184
75435137879841636 13
14 767463519086240687
818870092283902667 5
1 979575039172392949
514879971892334223 5
14 791407466591369017
487605816195766563 19
956945792687119455 18
10 374083428359520557
655572510904331683 2
10 907674917241203226
298859413112688201 16
16 920955636647148531
3 521013697905312147
3 710197625247313520
20 558649615219741428
267732237506653003 15
956575204527789957 13
65462987082669015 8
123515850908646582 10
49436509792138706 6
10 132982424434382918
751164700635257720 14
20 516190730576260470
16 952902403564020441
384724756851563386 2
588849853676918894 8
5 146306161456769329
11 683792494373245160
17 80841590262194711
106166579413884489 7
11 135586859982321784
20 548045502668504118
16 863147129429795047
343987760146319245 20
5 51753401649289968
636753262458098995 20
28662778199890698 16
1 30199512705088560
17 21954896228305361
10 1936704459335423
750273314195786866 2
20 604754272012288032
11 825221003829594727
7 588250590307241456
524131956099490918 5
987471093795803578 10
8 70972862741237909
13 932355967252905487
748724772427108352 16
44073492335777876 9
273589782006116685 16
382793697551620507 16
1 460761208706110638
6 489624067212780212
17 1295896743798040
5230667505358725 20
590580547325311668 6
20 489528162018751895
710102831966722708 2
173078654685002226 17
8 292265349632264104
3 545751691087374891
27767730908731633 17
608093380661302460 2
334400763766884597 11
6 150214091546565781
640301144780730996 1
564758893089022962 18
871031998488522329 8
347805594739518060 6
9 17543129687590644
312223235672011347 2
15 509398987896829031
13 678124899611214140
11 517319040234739295
454106041606033367 9
133318340825112326 6
873391908161060100 12
10694530001838902 6
11 239803300530608167
7 106552347848295408
394795341842405048 5
580494994336933133 20
631298652263909663 2
9 160952503555220788
418257617140441792 9
12 211181424473869068
12 596688389824997715
9 569993133733501876
15 200221940587339639
1 999227340635311729
465548579662118535 3
407906532121989543 5
504859334289265581 11
366450383432307979 5
11 816295956870763574
4 552550512021130520
16 257883800443419941
864471422251590593 12
12 355186707785847308
17 150241381971577445
7 262068881679830808
523328626968420617 18
856735149799809643 5
295350558278592194 14
18 139196448196788400
638403116967257969 8
718878641021511914 11
3 936122304540105396
28039792293620622 1
18993400651196441 8
15 191916920468768977
20 230823496109229206
16 120324224193821252
145810435067534646 4
986558889057205151 19
11 965313306478887702
12 341211885140960987
319442070911782033 20
261639780263933829 6
20 973743448053800889
173395959397763407 5
259255076656945671 17
4 896841399021889000
15 997710750267525459
931702854514619918 10
928201636779403783 18
3970575266081250 12
9 6636293174517392
5 110747699431812221
113941616253162519 3
640840075652789953 1
39067862556706927 11
865304714165359987 19
9 306917959272441167
610926962812253831 8
47218501797258433 10
5 881770288911978939
722322979033215707 7
6517062749388904 11
9 484815251114803374
993604722446702742 14
12 243040887819041917
61104475117592400 19
15 357581821451903792
11 105571632326239799
494566338667634441 10
4 63703567296063578
2 570111461228062614
639006199994792518 5
76186126896223976 5
569551168848027994 8
723247764518922243 8
11 285318120562910813
618223517733343894 18
16 226223458087581524
14 55110088280455149
1 45095748698975374
17 301318397901362468
7 37607064550458626
67984197150699166 16
881991635112127963 5
202121871256692918 19
13 325052148490332498
3 369272876982862261
2 520498953020156093
406658588877840646 12
279617857013460453 1
3 821666387552759718
1 764404930831697822
879406713243676127 19
19 364491639180410258
366946629786008118 17
124217862388432734 2
171059086175993251 1
237628179073805025 7
840549576025714945 6
13 659076264044658129
34184661517430725 2
12 513139896006379152
2 707068779854220276
18 115787097498495039
19 960780990041986896
207637901180945938 13
18 469181463063975378
11 988523563915651555
9 168716179707923806
95247268829329931 16
150014970030007987 3
99164740295234157 18
4 109270058483569570
442714936335357141 2
8 378626015208943233
862515287437821057 17
17 977418896754378463
40591113178054910 12
160676670178824057 8
472818073672447030 5
5 284278893400547694
144140546253670343 6
17 557714323257067696
7 527874690596959639
8 643609619868421564
2 722629238096103334
10 440630855785197707
9 656366915572816677
19 408948737226459337
13 299738689601141446
457005852399533894 3
2 359906603071562835
595573829524870315 2
19 949997040995126658
7 225515352498350446
999152401825643528 10
417491944121547529 11
745366308362290413 18
9 285917503679449703
6288319291688737 7
38840909026516896 16
19 416171046700135757
734621996769468135 8
3 465574463175410412
246266903435272897 17
85819207990937755 16
10 4044830206693240
4 72582999476106158
100250963866506193 4
996633130730296581 15
703734826107292410 14
238204622703960862 14
131012652132185032 4
450479330272281452 14
13 617904071595995423
4 336616270868459240
2 125189418048178098
9 128435375185462758
9 140460689370238190
402982742886934315 8
139194480617470769 7
943435679541272125 15
13 866515913010126656
14 669558035117112571
12 127356101951230713
5 565882509874377839
6 857032251576154438
17 93178278954811616
78643074654957395 8
869986922515332396 2
824236820490397441 17
791253079640256853 14
168294902371557019 5
17 524669110084382811
73068954046032328 19
92608630504970570 11
7 30076053790162882
6 645350897883058068
891974706202297030 8
261823776333987490 2
113357697953248460 16
367287427322297511 17
559573444620717433 17
15 61895445360844982
15 102885976332084562
632853241006841876 1
6 788263864782973492
931474353810294480 5
6 10987727213646082
14 52937218963742610
18707536558913693 8
2 600412311370145457
19 814740368874533402
16 135424526292739208
846394033724809776 16
2 167028676233390859
19 613326228160540657
14 281733293292712599
298063249141347515 6
20 84297435624325639
14 388429293449224558
4 998079752357367310
5555684508404960 3
219474640841612225 9
8 838037140977835919
2 332858939094299251
3 617446883554300054
11 198975186103185607
19 507688559428528099
7 834878330108041473
955082769193908648 8
297615644065081502 19
982930007383052048 6
514510930013048613 14
18683292980178996 13
153884530189899837 15
696905285761418062 12
90238449400323328 20
12 278449148490249518
170972267346382991 5
19 411367818548043498
19 2334432343817192
1 968799040173743322
908700161674804469 7
770957359731854021 1
30363860180196583 13
903213601481873749 8
1 313813912130556354
2141647491166418 3
442148772213194554 7
280259785280034061 3
317821527213509310 6
9 979209874691522203
969746463726917331 3
327663158655049028 18
11 896550385897765284
11 140686323987118012
10 329441909837218519
9 784815079743249554
38906408686740644 13
996871542457833574 15
6 485754029785945121
5 988251950598399328
12 776666102095934689
9 98680460866848734
918291059637380030 14
100954982711118957 15
65251727356032243 19
69061503012428540 10
5 103862118334085487
11 27480028282278733
17 101797701780774758
5 860144253759022764
600646058265510442 11
390049917253706469 3
411342124977569081 7
17 613711012469269104
12 442002370696959640
14 967245582201214448
11 841974099882185825
16 277597110380813020
7 815144431603814808
805838270367994749 17
480148070719792708 15
2 295179728041341977
16 48645565029332667
2 17783336635939182
12 392764468071972414
898436923108588643 4
2 426641052320508103
721491943837964027 11
19 136882879323230239
9 238808228990504587
158624816406278196 10
56894962381584173 19
15 566317991034234539
732748529103045749 5
14 481925781476299186
6 638079586103212899
18 6061394150056472
5 563474728685304218
18 225657107730166945
12 397898265771066833
429517296058549908 7
314723616124607880 12
15 895307241526352279
18 22895937270199292
74155382400342717 6
9 525450782361654877
372217922123030749 15
17 392177043660138815
907020879570097702 1
7 541236378550121296
18 592327780150386930
17 147685631744534857
222466917255831513 15
968698128759500584 7
380756911393983751 9
19 726732338022023837
313714272513662160 16
2 509856199814038211
113017007310662529 5
7 150379777353664785
12 135415677150989946
10065439326635920 20
990756591973293179 4
108921788314705999 3
18 263313998973550908
18 121890090749831701
991175157907861569 9
649947714681968215 10
11 68558499245968109
488987023382408298 13
19 583999441385967062
18 22775408486206970
47932419175160153 5
5 614904215128275132
510301843915336047 14
419678872837863777 3
827749443811283135 13
112112593138090955 3
1 93488530178886389
1 261200457459131524
241014607194094163 17
471046374373998445 3
694706177245701255 5
14 613896473371185075
7 78254082433368765
444030354176056585 2
76817508766890230 8
5 222899376101743121
3 535456592955705496
5 949884205337829404
147836116909724231 8
64875479056038932 13
559090934206528244 9
13 898834523006337207
83961295559198773 18
209745142511063559 8
40804787068307413 13
79550474650541567 9
7 196380465234138796
274023077985384071 12
5 74493419435809457
19 36867350767517867
10 730716427180966991
417645093538114825 9
18 121479779160042229
718022263156288906 11
11 798908021591005426
5 167877805522934867
485019987872897665 11
2 708997037009864699
6 148821996502656033
80854025090717950 7
305380302941381672 17
8 321492366327415923
313851947203449751 3
