1000
52163537246326133 753617939104031515
166998292354265436 778219778399838790
154448564487273762 306120558313008539
720286275874539042 746125977069961616
847631721118369805 886120733298817841
89287019731963242 410304109854075038
239528845677373457 101868582418000264
220383321994312111 36964482492997560
736237125029121093 463720646339997576
989305566000462504 507855477079543911
386844096949922051 881383360702836057
545383334697340240 958548838509385077
521220366106691555 843363471810264166
255708894971628512 275190585254808299
705992409381951423 137337261980204887
660828536588189135 886059635553377809
618255533326417072 112212672941683220
42647692989622232 105502772059692400
765978289247985679 551384848196614599
144800178455845875 77887009207142610
902704611206578292 393492399345808602
352133776362129753 428010875033674047
748345271007166905 147013998483737332
340769674062810243 134184047788964097
709476733730209015 152260121040583935
410404009082519338 555037724821881760
294254411622502534 372157629743265061
898904456142309448 385286332410635749
138800830183321600 736747672041068237
597293848721304597 987993889729431002
810256933177832510 322389803050978977
928883924667784202 197660495012682440
444715530735577945 225299006116946570
905283328781272800 111253200121019703
856502647039404201 823396705679770033
152856141200435344 126614616738379504
952492635596100808 191083276163830911
786258904405088852 345214981926163197
758742634853121422 584144434499751069
58429696871670436 763517460815490470
988186584913356310 90303255143904500
304716424442987833 452252621116703861
302204762206721719 655362044485632429
439909201783558924 429920280044226098
643206798510812427 109555317192777777
137585209592134231 924816439046824679
37507060882484202 970812216047208233
550970500085094033 942269897242516444
621642459737230190 777022865174316669
421412108422365301 138531124289082267
516120570272499952 347607912230737752
258074748271795707 694098188669804012
86989171434256137 657196278936300578
752291117894529629 116732877260820440
360749499808288145 97370633712222339
39835110447050258 420911101365145513
509403366746913186 197388453234026854
185828210799525589 1254372745569512
500723711295696276 956307652131038450
987720429657399198 894310442381723741
277458702738206978 34175947712064146
696046574182426790 40369127893775377
324990587970531523 2283641967639277
193665534908735334 615869405333762894
86213747061919473 839914530196402157
257681672725661336 447996000506917532
987852492743865060 655172521042922684
126892539618897459 429311164664516548
243406828749707574 17212824682106305
916807691046486898 238616495020190161
797351116370977728 759187689684088998
951563190078759117 61251784911352073
516288254810761627 157696827301342292
720281459069885950 156894610809878263
979945371377583903 500375866477277428
903107590212067324 427289517302906468
131549923234082278 194790675589318640
633271471080007938 136582082764770135
68579084101301449 100774089791290351
523440753459800200 173310652535304988
81414641060374496 792171363250352347
80528560566520647 688515712100035642
55883967832922245 971507134581240796
120149332286638904 286999623781359226
817687549167250769 496549508350004061
793429210171965333 971349369286767334
5760095643693596 100784841054783238
1391513937784021 639144855172080582
98764253213075457 196574606771556288
268740067659814067 721033093059939492
676976802586072407 818826293834086324
852577588919551527 136630641589697096
295579389188150711 816816098994391626
615837174501043563 15244691592297147
52493285952465404 491840891955141677
53987109719696374 569269348087967047
697308889771509821 12166653632371525
97730347968315523 661950020040004213
116156933943176147 521993163422129850
904281665150379786 69023321623256077
594016882845050201 626395570726713079
48662581816596676 811053802787208472
75969812626172582 194657182461050275
161669996709741611 803634116259609056
41157654969083604 692254341305099689
650702814318548214 342467336224733165
834768068899899963 137040349072968496
349786196462781472 518209828437937673
859575663193594485 125563264054674338
157434639500552161 478181530975802428
366832124861350491 400689542543994281
145933316648207282 452683745135342543
871003551181627910 725281814066479404
281707320508422220 170158679929812813
105848817804975822 837819846205022037
145866811352413097 730093153950603900
815344896983003981 632167609982182029
43136517866586369 712405503688727143
98079201876934492 724915457149038205
945984040333547725 356473776029271383
892226352120289300 870222998889676814
226903968343429318 129005661458205395
390566966867400653 680399447065460073
61205137162882021 679835396854156199
760786539651198497 346448766792402423
77386724114877028 480173863272540634
254545666954113000 205763697450779233
771664473303202235 778370293627934901
692632738852497212 309749396360623248
146009695753536675 167887772975656130
114952998713156470 144438967619307437
205533484926395157 919182558279117769
418919385981929775 892168544520921120
749376855941769802 477264231889116371
9230502533046847 764054756534299540
715067909811575996 252515462361274410
283339943334309313 108748312484065521
816631200177486371 576629632925013847
587323562614763531 980128007601725535
653376497642639224 270410417757308194
89205394634441401 10697032366613321
583576556410013428 823046260786957716
805732843568014498 285295904188509271
138958158929278992 195196875817610743
252225015377267168 143942685516072817
51406923078252422 456961870408402131
233603588082002892 667126386198997441
55737154747950926 438116109060727282
647655233743509758 631709419396579761
375055621096769185 60446435191494236
205365655145497936 690342817870579432
135428511689523704 293478199812506715
610440369162066395 633211694812351056
780724327939326732 792936465546669943
362144913054516471 108615574349792787
487034545052008663 244645782612888698
87887849533360702 496610978108108184
495362183089262481 155772162108477804
957571080359793289 17624269828816265
67277965829910707 810866259742082454
792800815626304496 606129416639089615
664370725729854198 839240733199585666
551864336097978830 937176894773467027
904185029170180692 241675068652621561
438729863776867514 229128335238338878
739636406708766724 110784813623056643
623626898851420813 882082558488711801
26564626937821825 281362481474182121
810564319919427170 974802386661318189
785655077023817091 426934781210780981
958086637429049488 750113625896681603
228721371382485508 404401253466239919
846827280421435056 29536833442559716
326434554912773691 586019153050208097
800088937774951325 475138330523437049
70209298091365795 121360010639716755
98580876277378926 921726186825782186
651408007032748276 116548933653750990
6842296452353917 27085585831977762
417454381335475751 131648829282288860
35128528727830114 62798583489951945
203818296629370997 430209493678323398
201121294858245112 564690575484870727
596183462835796055 17852144310038740
973881092466572629 206015481594003079
345044032668154759 433370658976287375
159369472416132309 977011703762936240
544873514435556605 551536585920187585
150314795941771792 834926381985681709
743300580573760754 762690299162394994
423350163852501470 189168064547610021
814329428856068319 234380895474549740
565471952435517016 316114412021428482
526244908561722238 90781416040845495
994549780587712217 620892836024049262
262016935564829895 62818650085627293
221142334018213880 510917526218535504
587029698789835250 126352873577152934
180939645706773391 116434602891477586
663783799280168315 457834007014724892
37497744789706934 10996906154933597
125398098196778776 614068672221442439
361864990896317384 14761591564172186
949181927118855107 487876354426825136
394221963606214236 291012172324130419
106588971958298038 487610177044517281
70410377834833739 537910837189611663
660267073231350889 951753489772351138
130616287532917424 320448145419498968
955317968118164629 563692383921170237
146180465311259106 791128922210966390
104449967148183603 531271650491011898
392607664935322491 798936947039705044
250004881413856893 695196520705362851
653040142024719187 68574250239593114
742951037135981547 250140767467952832
397356218513592964 309285064928144561
793329736492878390 770888579770297371
502750616378761063 547403661654941762
955232012444940375 15280318883912828
515761395591007637 929053811841450165
235833692261454471 715560047980055021
525419947655540198 746853614289793717
274599503285862976 922416045602907062
731226490524501620 160179168488191018
299291080886693433 490168653841955424
10632981226594968 916096762797403196
152531049961523821 644569861047832501
486701949283279594 152238258677611350
12137070208083988 91556880718554813
554670582507867461 340612735593745183
347270578342151592 349624058918638530
990563568403242175 785025886605745794
709432473996762848 705654955001171020
672160465646555572 647468193044079014
76644356724784311 88494556202841893
604926469043438011 821546396248127989
644620144495887717 95478168333696085
31434492557109166 41237073231271449
323833628786560099 101114642024994086
610217443164468134 213540031961710073
377733397655626347 671929247138962464
219171374958746363 221177771581121215
378610101911692660 51651534899617037
593524116251895879 101975518620593876
81274211013939385 270180031601763573
128745845689125731 616695987645945313
143354883634318514 558038084927148577
754332404487383399 510679279304877263
540318770370395928 220157187993936923
960052731474930862 693258105209934279
132917739855076069 509343639761898411
751886481897395406 346687287611280434
846568913898729552 735032117476195035
831439263037752995 105383064566500537
321590031749381332 136787533255914739
857723262235810884 858939208434640197
704124765100030761 910869105934589565
167772772504597771 237561187201421567
143386203629073224 860324993200409921
803067545135809937 26486826424255568
429731034144950891 32890547806984265
159521854765803438 122240603492269280
797675674112348937 677242605391275997
931612797187172988 17434482738647450
952495533233183965 269282095295825286
303640023892615764 63076314409632421
637567192882939103 79722513830997006
46599630149335247 35771279833991532
355265402408764744 130203462793303934
709619813550668997 858654067797977239
934410807387047314 137102301887616286
410815818131550800 168766237279976462
792191324794628724 8812804680864631
946465733235876552 190663607828220155
113401447105160681 566431063700189779
52544844890205384 998267276725243336
418206623452727081 28591498105688762
42940550288856103 82557630333817372
670932031480302253 509132561359677174
459546983492260350 377786589396285154
306626658843421231 654783881540911759
98829098004702376 982269052216362561
104248487565208742 448499063883197006
426278521680502716 961293466479297443
990173204476982861 388694972322899005
908961392446651412 832380063348259761
522995033108650140 903918705670473637
512585915539908552 827131860670157908
155483292158632525 767620101128162574
339541364722112050 458752767493971125
955197921110191959 124786192054459969
737897954992164843 395584603556142397
713278251005917429 59177827841533512
869030492703818444 876055538617722773
429701229954344350 8418847519236459
581190584792584685 122960024436729510
422175741651933454 25600800946466100
129840691562702248 829139237034667673
46582210212758587 723411239107139691
133943593508813718 501451212835540183
111991403954894175 159444897060926234
366711797347743376 251942460720175113
906771122214283252 86139814449602185
100105428075065006 906566358687858711
613464261642998962 142072258707414338
742836053324218697 267210081070243372
29404339677856146 490171641694249741
643277244449087740 749698415374140592
828496137592443341 232317117458982131
422082787432736158 880896510333914955
740454991708050909 824039720234608958
233615473628552265 631222519745049320
812728184671312761 489435619402782583
486773734830135126 982024969493794222
131110451743407516 553291742751344742
259623407153544797 34652989349820168
234340586079630462 397128949469599252
325785907860594232 648495318475968413
446438155334198681 485590203750771659
416429976053217536 785337464291725655
526833316025463716 781072346189993491
93527223625061902 147295154866741088
2633161396407962 311525666836697781
11738332503331322 132998250478622239
277516049600398259 196877252431126716
97933821910232734 322602693547383614
116813904126070120 910741254269669486
659877271390102290 127990673491062182
991974941882966898 695156224530436950
412578292859448241 666272481166865793
871418613022231243 892992205917146173
893381706358643218 92052851363124278
176649159856317866 903712440415493931
876282655322432782 94604096775369839
961424544694748042 57086319229518185
398666615313119424 841783282406005269
562097361851756835 639366443708582273
328757120130549375 18546394541306449
388469789278341231 543594346540744507
780458644811666660 76778903846314891
879766399255969957 907709864933043105
680909885930311626 732292961374444910
72398552445599296 70383210596018427
797047848470157384 838645901620013282
473466230853591800 444692741750174419
997388482433766584 260255058128959504
934048784966983110 391415696302241265
972395920002039987 593224387831674464
452537713743346403 328063253224251486
955344281017875729 121352478993963133
812499738596619209 755339055572660580
136879091746201580 301179669417258063
232912169804906288 518779122493884812
844432494724547741 718031231245412606
6342633402491153 988167069812521630
39396375222967228 959308106288578293
995911087112518309 13647654992025507
413890679022500643 182532775048570843
120829522977577573 104790161518200037
735296504950189547 141455937090680475
76665648181562379 692720881376692204
25354672560358509 142170065668351836
832621554962344078 3273111814576002
586729791827715137 69356837394804616
575626831904138793 777884157007391663
653034531912095809 107184125319679433
666100276988848213 76400345688870333
874087842370347142 694891789046389254
205784645356801993 221170144591276084
424879641495994984 165217700818818409
63994086493981312 294252459613476573
31607142979688577 853010585845463643
139641062856319921 316585565804213954
387010312601150122 204441005538692229
81570410172863447 815857050232419884
564616620124870139 567680387286542544
9350767742898346 88178896553518242
45375489547922638 690355608709289317
80757507171769636 683416080334357232
979368575555139260 51744991808115117
59501918424996220 902043036164166429
59452339342354590 124488574051771985
35917111705359149 127902588871813234
394583969386179724 95344366112322874
147186511754826991 701355954582550393
312943070233686496 44322100697876881
533879616354760379 569482914163435002
847189878345317683 136294809742780351
130349557562830283 924191181035363070
690367720151038045 23434249940917612
468206615970274454 5373267892227791
375142306482389624 189779159251128707
243906692890272471 738804738616744694
688750167614832605 130228282200331308
497885052747771270 80642118590466619
87489695767210532 459856886911528655
723661749981480668 502399649518758055
417547767287390248 551568743594816535
741308287301903955 711740728317662084
94133494705534463 33656270510215147
265036081437065378 608169252494870874
598792082092705029 274882834392782710
776627937018386372 462761502233901555
270365317997689809 340279653244557599
481657153247988465 332481249222088280
261034774212570685 17850609958136976
794358727754524323 781041579314307280
256937310987920738 538941495918740147
140997319881979025 140579973878480102
198428772887244696 687169502086788527
444668090096094134 996881356298682211
1156897281683578 977838449249573102
928770226053013577 533770444874186319
664498242477584606 919649058034010393
143078436451390406 476782648425734387
757062707048607456 888235972687232025
531577717046641891 896461672650993625
219533732911836631 540975461851468055
305894818094243738 928869487255741642
697005034817226333 690416894597636220
707184439443959077 649123354030078670
342102276252776011 565957822844193777
573647329689068540 638808367512321582
299995011862458553 840583993311710815
367164736414513112 401137000558550132
817466924607647233 892403691380018159
587719078878702002 233993550135538792
810433929211247548 678184774532735498
188412746430928836 797944809089099284
890402697323908290 301189424412817241
754742594495942021 377809611553252032
626356856913709357 731508197462100932
307545686807188400 215101098376363253
418188460782706262 68086948914251894
941108670734778429 616815492190435453
64321637759045334 412017581003182039
320552000314164837 523020563157031521
23563606640132741 893137300249300367
472614514839111330 533560445812242665
594484707039925885 320088064154060425
436029532020072108 169414072874224542
330050175081688343 971241894059927788
440588234514807163 899611097247251274
605314165481831915 92120284698762275
322123277531553611 96747320910492149
32368187665245651 227414268963852501
242913218950071698 216646193225951977
792079690192238312 94697367846342892
259482078415298314 671755113336701614
131898502694865026 81528342782103442
42968575570340781 481204859682146062
309422183735576380 36376503143020846
141188247011182771 908954142181361425
89709870796653804 224770457044927338
4845682996019349 266981654398903041
77478269060761774 508642948158864687
14098612170545932 400227637554781286
132085279414492889 149135893742165671
669817647922228498 489715566093280777
476037278140311815 292034520194324793
843416851475785951 79151413559014388
486301469680332305 76661692316395407
274062033061064172 948108839099337583
191373449242585615 50298580624186770
53858616192030962 915361969601893124
603684297813778011 959602559712213099
125059936687264746 323967713004266108
828213428925686158 635883203611405954
376870757705967117 455897526471234270
89298958616326017 92081714095112066
989804429684458453 793993989896752757
144988010441324876 631630061271434323
462106241868373754 895367083606417610
7828160803403081 110196434746720030
789027906485646965 112044905862334117
512561456740724496 962214147199888203
113027733266032256 5675808710508048
36458463345284988 921321234917182853
361844807511980178 68143931113461331
67258567861310628 282387390374757300
51479932810195814 747781429217116151
770617718679753186 80612519182865664
6881532908563188 99850133363088582
404951294379233230 741797287644332500
999949446010392693 118526428488765384
653665286542128194 873409177397744599
635233147629519458 763394969034607943
428207605841271383 67422687419297268
599445647894043765 303770665246337740
47377748438131301 773961918436400210
311804413217621926 262615865091092254
804950450395595271 22056830663648347
103376207405894190 219521304484782664
78781108137415700 139731000616555705
19811756648290182 837375740839173523
509763609715337381 16380397415388499
918782569292570727 123759565872569223
722832877780915477 669974819364009811
201983579653415627 304904052593641454
7 579535354485490978
8 732349458300243563
760630616727924285 9
211483862059824970 11
733105967214038122 13
307232207954939272 9
4 290416866986267626
7 38697065031944418
20 263150595724381993
4 32770720078567026
7 169387106581352949
43301503894666759 6
3 46691502319056370
277150165695849141 2
448846593008161868 20
4 386973499079553709
931625352309043372 20
20 448501689851058768
234330078310877550 10
20 418366022826741376
786818867325255953 9
16 836530117333140023
149186173895677167 19
15 198754886222175067
14 919784064818943280
140006867724499666 19
18 565372027184108026
7 101336373025549266
109240440195903979 20
291145665998884476 8
119743638042289609 18
707900225559695785 9
3 546281110790991225
35695868955643909 7
774641857770791471 17
1 543233845580997723
1 72773575490697701
822220490479257904 7
14 316156657442093071
871650096996423572 13
104851652189618061 5
129158034230065461 5
620657245683710434 4
261006908283707831 9
5 89104873382856613
3 559903890545402689
9 65213076447325749
1 820325376068072024
17 396586885373146801
776045176892271857 2
152461821389845032 4
13 746240722729973955
2 149468698131027726
645077719788162267 3
19 903567284872555505
16 848683645266049651
944732848352998250 3
920820490563209477 10
6648658150690135 18
844616430985935260 18
580470367433195848 15
761737189774034283 10
18 415541811382969911
19 407064492686535586
9 915138905180150653
5327312650379902 19
786643645415687938 14
1 358848032222625695
19 882169229381782709
433838439345810335 16
2 295145367930188605
9 551299341679998177
25319111065954799 20
265988550254499240 13
15 124758719777743872
192819557937791338 15
9 25313252340940028
11 322673875947130212
725356220998802040 4
18 628048920363862126
8 841194230713925380
10 113054863822362130
20 520134193702584933
17 189808878882693337
442589892818445057 4
64849689797867494 10
13 522259365753627804
724994563027577798 17
850989491820933186 18
11 427980003102588551
24287332347505029 3
429405642033576713 12
478289620551724266 20
722441962336618386 8
19 738159324535761822
661666852654057382 15
8 679540822938327150
1 471813669196652822
13 690846263498086903
17 219043611292203095
73854503916664347 9
9 315342267751544854
193644276637051572 10
133864271117973514 2
773878621105416077 7
112055955965105930 16
25811630537416079 2
543593823828188256 5
912085759262086969 14
882783148017775710 10
20 233655554364952147
10535966816967728 18
8 394302690344334052
18 119540107995304177
366804775025465186 1
750877988968175106 4
11 19834335866533417
557271048623072920 12
12 259798052684334128
172075918532290196 12
10 64432798060627192
8 618447892629743257
944839499119956933 17
1719049964867417 5
300487258178000401 9
626006228678428720 20
180320429758794559 18
6 807416806071217397
562248423797386637 1
77454910426523405 15
4 957903154360244301
107989060474109378 16
18 289826008130004821
16 63439480491684308
554357824550765493 16
13 252183438786590798
8 758629223363596713
453902950457895067 15
11 479842081705866191
288643483362259418 17
1 688407319633696667
675268564079668080 12
429909381734285064 5
897613381061498077 5
66877816432196497 9
32023796163418320 14
3 451330995841797729
7 396118243865290623
4 658516304216220103
1 701445461137292337
13 947021404975960045
7 111040619994276382
893122185587813066 8
719962719732829306 12
518343076267653462 5
672258470985094604 9
121471424674635262 20
20 348521970125585029
13 870027420381600344
756467016348623567 1
19 709756037285307417
499934595917500324 15
5 329067910711213892
10 586436748079087392
54366520924426661 11
11 392586593644256281
7 190555417580479359
11 962511502167018733
2 270096871621116290
12 113174353113642396
830934992732353537 13
132858089735749911 9
716749327397273442 20
17417964803622361 14
271489104160154070 15
19 30838119677647284
293512368161669708 7
510339363820300527 8
956127128128210080 3
13 127372326703146126
14 18201059230562073
1 805876440773270514
532516496443952403 6
886276945365259683 18
457023080356076282 6
11 536530283793890154
71314329837619064 1
434047076613238179 1
591952685422601712 17
20 342594695255232978
2 899934183139323435
997518860667351157 3
691903717453333842 18
8 534403834438022682
15 427774742011710493
15 485704019150203826
9 703524086857082443
17 52377432239208997
797827814801583954 3
591808824371006759 1
175215490572030041 5
182185502424230219 1
1 388002789742193508
204648850044635479 1
13 783245567882645455
10 344233020992558809
445236338925874174 7
493028923798065656 9
10 932391130582184019
943931205546278028 18
3 334172407708489570
14 911240057469017202
876202875703068513 1
602589160232593690 1
218811793113315 5
113019610347255907 7
2 64194897659989703
18 448810650007862953
20 506712685457533804
4 703700061012555293
633382499026636583 6
14 484351568691937621
92164816702004215 4
12 289803497831161125
6 655045055267412600
11 705624682032461231
3 148339486287346711
4 366472876475249334
608730348967958149 13
2 63111524789489465
17 36558102962179183
10 349251563191504957
18 764440659884136300
176878950340095722 2
342208886504154936 2
55772704497863131 7
3 97551484614445600
11 125887896773276080
61443991691711167 16
178734617985393894 14
3 112299039109967592
839851987568938729 3
73688931400836068 9
596712984503082600 2
10 739095143793353694
16 400051950723401449
298609871722721436 14
20 135762447082062238
7 987559752432172913
260739250086224248 16
998132900272640624 15
168432771934162554 18
896436243274463971 1
73546962076433488 8
151164776127150333 20
274838254364291106 17
11 169125660042570956
961810484195846563 10
655431838104489074 19
20 212946977815757678
10 411911548621214613
21496370721611411 15
755364098860867604 20
11 867572723283553646
11 598933668076875773
189499665535136185 9
155422400270005437 8
9 967632733542269410
751467952423301016 15
18 644533126012184991
501145855973083993 18
2 17641335753996736
5 150044651905345354
3 434554228970232645
9 474839983538423656
10 456198756929124785
7 537148828347473361
83281855077079199 2
411660345309634943 3
722591306060654740 8
6 229334056122115641
13 352976144929074965
3 142691390696958406
16 397711537256404474
17 302530191325022821
139194364562912771 1
5 440258466187205243
864881346793615529 13
10 533385441905640845
11 674696244618014007
5 149105088364886638
585878698998730009 7
331472268986207930 1
2 641988490408536949
20 614523336129384323
50211009563933690 10
122036413979030347 2
20 888841332601265398
15 18806739439673652
10 186178052545294508
11 801869647715254644
16 217421367155495396
1 27521154443725580
904473823526926277 17
21526586297336506 9
540898425114221792 11
17 25777288974049069
185732226592259470 13
10 776972501749646968
20 654904194214330749
440843627677833418 10
218070388168975494 11
5 521169247742147677
529597506957537986 13
572782615289585325 17
78751704730528734 16
2 655437150654455532
17 133934464805675436
663891340865869235 3
16 242685588896572923
14 164813324414037499
9 945381627955108778
794169672344585035 20
316585379698458360 2
9409118023858484 16
674216892178594079 18
156740254682234875 1
376907550115369761 9
894910186110040727 19
61446651708267491 18
88388015272589788 3
10 145662878890186105
1 34679248513925365
10 585467671111450050
327411506534467352 10
16 615996706990573109
737780761050524279 13
13 242450770553130747
11 26699319634298995
19 57756229135841598
11 235845255494971157
152787150050403522 16
18 64111457903844287
543066312090168499 1
18 712360234135010079
5 18236340422211519
885487803944836710 12
781125158572273509 8
876432652638476728 1
628086605808906893 16
491160442183942116 10
10 626246654371141465
3 362719579996385110
145672005567402044 1
5 637651823222154314
11 118635342937491530
17 817048188878980163
16 138445915877640911
7 501162454014219965
56979241293007396 11
207975378691907359 8
7 681846762471741887
1 861207831901883381
18 397914522603876234
118316714312036188 13
19 760046499519217782
7 358223497670784190
352637008588262480 2
733399934275291073 11
352036577352707285 11
10 118679307126268026
4 921227125306735618
16 573332350946601191
16 579661595548624302
688920975666179997 7
19 889256954180548699
20 228750632692620223
16 928847007035001162
9 254436901401368112
38949816844369871 15
9 463446498760727561
227177799682759653 7
320703401431002703 18
12 198422909037317122
697049824410063582 5
13 70788847451416109
150240166638164650 10
670459610302879823 12
90507891631841576 3
5 325575242533102535
15 37572867285481736
9 723123904453441602
15 81157794064611877
536619549433561546 7
493151558803596479 12
12 71379373006781981
380151316618743272 5
4 329081028862307650
806728376391747901 7
891264906048876887 11
866533708796396504 14
106143548966990254 13
14 448888662432105603
742709553941353752 5
566783249417520430 7
973254974062045058 15
840302415434520996 9
24728172447153855 4
20 225478357323896699
2 183184322829562533
735475652447843147 18
574824622559509596 10
6 643632415056480032
9 960221531286622452
127530640733140530 20
1 24288520912587575
5 161200955347149268
7 551302039861803198
17 73117929778783148
685696874635091527 5
3 354071007332417826
6 561677038979893062
8 579240903626296347
13 125788369015010491
11 346113313703290088
294488327367720772 19
8 175523347234820475
2 564963236592762996
488532644035206617 11
19 609929471776872292
11 630367910347536853
126499594826718345 12
418853338117408764 2
11824350549694662 5
505655034412536269 8
4 371265426755343298
11 722736155621479723
336333343999823228 14
13 772650674792210197
20 141052287982548766
16 128351842122409877
11 44124151977164559
349312496142230263 13
75859367131350093 15
914920199788117052 16
18 974050669801768187
4401594572991695 15
5 592474497360043062
630891224739669367 18
229476367037375278 2
876938554986265742 13
8 148515610397313394
96777457110209905 19
18 137650984097855628
3 821827690856330553
50697510836197071 9
16 22732552354674857
14 47768436913487214
523043448162508647 9
20 159963640692389327
13 76602609613873264
37558313620001311 2
515948534596762567 4
141019080713499942 7
401394743150394734 20
305531504404061533 17
894808795827856792 14
15 79196842977445695
971497217702980125 12
11 706764885129689822
2 164058230304163119
8 312122980414216376
92509000997111116 10
11 433421308363880905
9 151828362719023732
12 805747742263719649
19 198620571924634781
11 144827564224916280
19 926326687224063845
20 662247180481889857
12 99658266694182664
783030575075115197 15
455912323948602002 7
313825183129143569 19
9 689988510965993302
13 226718108859398874
14 578567449438869919
12 554105987398170047
19 401541461651902118
465253562662807431 20
16 421032263994153925
4 561199767609875820
10 659824481721046764
82212086188863664 20
7 573833522470093906
676450682591175279 6
95899546143034733 15
953047007279774388 4
645877896272289060 14
715530528877510352 6
