1000
588735215308336983 633484079798156439
448241228511701070 835106342412801012
836400622423889798 83663841808707369
591105905034619921 390338331774938273
804486244186464211 159333288680445915
341708329130799111 154667457605290474
727427184869369273 388402057088227829
800115808922578506 611699304171822520
733692909647004656 949490345866656257
438715492922598963 374070684984378163
413692369690010225 86771804378115527
434304800328985691 362266727983713990
693029550968948342 983264266763005008
776809815539366554 66894090138377753
94565595504108150 175989296435117543
990287846155370507 963031265677666325
458788028861310508 581797394698357778
852944806757282052 689819726392249570
123155613069102736 301052633047363996
118348874551039777 312174194868217323
419588124911449563 102257567492721293
776648186761650489 41362978214925783
617961333968495495 684291268786308143
81346023000716134 955658679127611537
423737513028607051 90829998324296971
116854095230400256 109091779068269376
309950328152322594 584024969416361192
60378729972558498 863787361313072207
932047710934258756 517969009838476498
208203492016124451 151851306046436197
389672504776171306 447485320796313359
390426501415069340 348696208983179628
711920696835894414 1840439746434858
691716699814700648 382111627119786125
507295297647108968 757999777389146604
18761575487841566 911503374240332850
296183803802568688 43819677350006109
668066741755607960 436752660435351810
925419610271583137 881964600243495111
199422583434213358 630587997373625575
830203386645437748 28315733090944178
3457546798673275 141495776564403978
213307186123651232 221801551341814503
257681324389631189 79084045833002964
612944392679225120 528614253133588080
870472404599655384 511079711772666094
11417748976000812 521765714146593685
672513743109408155 407421652110968129
861824176434656381 1280799681851360
54515098311637624 290355329596680438
808283270608766988 103443527977550361
382442940255930376 260856149973860725
100850555075856402 938765695163724362
106098108748280100 566182735839757673
10465914331926537 783246624838107579
91487730433945060 14754994016027834
313684056937904297 22536636291650294
882605852185639842 155463787315591313
790269848002209771 954777257248045507
116135588762119414 233538191046202198
402226503823221000 817130124216634155
547942839862770106 217039217581723828
167578903053292666 200584678972583288
773586260480478983 364553823412962706
422048682003165176 76100038669166642
184360440339685174 792853755448766491
386677877243588221 445086649629160483
452378218279907807 44343265315047350
41401141274454081 283112373765426003
333692354939597789 807956120685235470
845485343059681982 190032285766252812
597084316043078 639454459736840714
693748673620615339 416623138375789014
997424995082900342 376342041821311444
401467029969203715 279039207637007227
420032630659323140 11260544493916374
966436135284032510 32454879452335363
483529683854503370 800954244337614007
830470700542832917 438723479778856632
783813353609721056 598430826739536993
59171489904972033 28157914458690082
18430149407999649 114953129806782461
62048265118664892 431832215410350602
165744834142672036 181538308146241780
90079923967744637 184527291452156538
288026905986266562 387419046544908783
638220291327555007 57102845385119931
710901013014197782 577075933908895447
331025948579710779 318242819787823956
285022035624175351 29511953879260373
866467877444208872 302219799654914577
565349575004352255 331824690837301842
666272367692009984 282185729467301368
767367051210529286 335284701231185655
207905900766471933 38041873242177877
793223582942701862 334434075888485293
439664323387427223 118078699695144878
799674293790352056 481999685317560988
42136825885411527 18426302232511950
765492857191703125 356587207159521071
760613041509093575 444870210269192638
59165506705975509 835901487399048718
55248031204064014 186212508328882886
465455135770766418 205992704754818337
44944292967767639 529255442573097327
141303727840913445 646197946500959123
545901104460914330 826213975424132995
489158292190129382 879411746361749963
168242108666559760 215331299370397707
336526812323770479 351255013421410676
119348099248842802 647442929207629646
891915879816748505 103752807351657845
77218135358196666 688852086265676504
312348794536469885 425288212663058937
299293477450703008 853771977793276271
35843021957188851 794801006334727271
413629209005931805 865930519222764319
890093409744453397 225722616023956329
915961791617246378 379256217793681710
354358382849301500 57394013061459688
43351653699852288 851520762334434855
197604490323511552 298895114323087374
106273616491210009 499889620417754579
281522531329278139 726446432664795458
138922631350040364 786602482774603066
434064587510358790 74246593632276014
78417883374560948 221672727807795877
16962117845943545 978846933541227451
332461638777162090 848286394250784158
952395591123599598 170200125640972306
194287668115292741 892685692043212525
372772454435915390 721596304915419804
868627203133788544 96716839126769820
564996168481090178 88212408547320834
428209517334717586 438093732603567604
467568949172451090 50747891447418413
298562760015881782 86792985853461372
2752579562716040 518827879283391557
214197875344576101 277992814768428799
32611589282077821 251196484852765365
91934524200940118 644902347377647494
150044124809274313 35483864875269925
751586975317267588 715547714698245465
564409788550090886 338019371788060798
24928798986810534 245214323677565442
504000234783680269 94967974985473768
393520751308644279 936992019434283081
713388211540443383 515346390050384846
486270923372052464 244791200530697271
326964584383044892 801638599001727447
411349251838586056 164549626136859414
895256132674203542 23262510699941102
171311880139455226 36967054178866030
188012047552360893 531272103137108538
383224095366548605 115410371802094857
985269981205901868 984921511382847526
693749506171543693 745082527502123247
268686159824512186 154505231734427225
499589639005660064 777935775352037738
318409260936491648 712529728401927613
821056152714952560 987338643657638402
210147978162440665 577965046771673211
410683682085808887 788515530123548545
147754039162203740 554283810326344189
85988779799558765 112118916448606191
265992035671181539 438461096577959658
379107132408541003 513369977452399253
574491806968674182 894335537914805548
328070734096631882 503902727208441853
149324831622110623 714636255257564140
126972865015484771 507983122489956847
923859180193067975 46236000224147
305101845485581264 888897226708396917
185932632033253335 115456621828050378
141889469964305929 210731852965411032
521910602205011175 174802729275362682
81542781665647559 570676101653876639
160937751523433297 844502386053056204
912318552438314499 249045617412173462
613082547329859758 63754797316388648
28479853046690551 194646366672967107
472142269310803926 529869140989224249
997884513547787802 133457856395368049
748366774596665572 42375445686563047
282495092570538023 442310899629040425
976789862035583278 294301751590101851
111951088689663766 563449014946881459
91294069071483728 674943945853648637
745419953295498785 878206203820552473
991812104028614433 143719448953900920
39150367672724927 121568345758125474
112161604609081787 256097981791943091
320044455448214443 102894282405711066
446468485130177911 120031775371627481
259124441922769629 273469095699838856
352253433425553901 575089325000789329
980356603849022350 752997822774695861
35549398863680503 301314512629944006
628486029002877751 132586398673979563
353952910246133166 151492976187685407
701091861032998034 654086511415543538
454627878691642987 801422645328159366
4736041678894998 83702994516590676
424787258943652550 387882376049316965
375438094603800958 514869216588899289
470580497934130329 617561448218240355
857914420901153986 6462002266960330
332041967678198524 181761715377341546
356024769587187996 79974749004024753
3812052596789833 88699144493140387
270494577319629699 663575353992676439
455435998604401689 160676934900024951
455134065401325106 283154848918351812
893355668835686213 130994578935911823
90269722255919265 6666799708582721
634235462267772902 141191350703893204
97481627942533001 941054139167462744
978780817846310740 308529215480603503
13105303227841763 717648127822974417
167288814861988904 517164443918161353
14549496190844905 753632344072377782
18109382335386173 762434400015524235
111802215960597778 820158902624433999
118834672332784298 330096847362457502
703033943796878873 762612143911296550
76059256464169929 669972527110001194
460049546013542902 68232279911393027
12693986610350387 351706865653462170
119354327547577571 892785029843398639
135589637524937664 397352994726382486
744040225979852887 710480322930174004
526462228283758986 389808669864432902
985320162908330765 105073538487689307
333399050654436842 346810700686833685
109408785874768125 419995311700335148
408862482717923704 288136379959530794
23453237613304672 243469023786473648
418725049173869070 956570856153634288
620242162929760432 364553988953042993
715419411659850437 79406298299284814
874727745539056804 646717662547973687
753203474953182198 395111531679496047
341445117613795383 595177822644531596
961134456503411513 373666084175096250
639629849949743521 77905113012742712
5271741949219688 325665620682883801
256198894677720155 45886727162804613
120591398921706651 428569359901919925
31079185956548894 947969287049443835
914424514445685805 141613329298715256
807231893705942500 145525808505796451
86720875761476789 79136285876446345
68726596308506085 91976471726571207
68228700438470157 425387413728711826
743968530032339354 594358153791991408
59043983281538381 502185160677117820
384726762198369980 687037382899189222
972422133720597711 642419074458717040
581223383038107716 893315052037273074
390891521845451820 604751955753301975
376554161195615852 99139372144783518
592465728000094269 294235376283667802
293393372383639212 120553593924778290
659678595571620634 482854833540406754
748379286619351997 271530771711374392
506113133491108893 71310389538808983
467308889576287640 390291552221935480
443778872525522911 268431896775071204
663990158587388278 795206620801341947
750876257178982456 700108496825921393
149453036220717521 158509654579807244
86745077513616450 129622673135355943
52494589299484257 685466248161083185
823778979731556438 637276571392942126
692934558779565087 764503727987443253
544844882165966348 270416262929953009
149626040108240196 299547866797200672
834278653663667263 681435547603811607
369138691218442569 277576170367023420
80866059518019333 930932822664962187
803797738039033064 30609625722429714
351450155067824058 514169614365827188
909068187859573273 261889755622714473
417213900814251253 81474994123733821
475715645549752341 307905548995918925
709758523009983120 6115519243024525
197429949718559573 11789750452486916
194534998282475940 340056937376921934
85738434121659794 443828833859425306
397372943249578121 758022126332577705
190234416594871750 10568423873328213
360277516237894362 901848245418223368
166658249230561321 939719684168821184
820879817947701613 712577180770640914
150047310844225076 777543542614625188
321331216417673822 998219928666563761
710919941080798880 26960052642878089
540534513734285572 695572419725113358
493244053558238567 562215361904404536
97124890891083257 49419634337031826
17523642432795584 584854517593749435
34833692854087446 568754708258210278
860284370657247270 108909338244267354
319555990093991795 358799000602883315
456843396796376657 916906400203921055
936189274772973418 229966782183756770
892551367636604730 739211904511480402
80104303667819668 571507810261478428
399930334504116507 515636389498011773
642262596925741513 766033561859200073
996747945294479212 116472459204297320
776910451557691171 63054251100716116
136217617918159589 62512181114788509
10438077735866875 993786537501605221
39194526933166466 93128129890991332
726461908882306282 91839403150027236
108912930207014521 274991784033295942
663314375666315208 919285673402506620
345723504168720964 945955533088425229
551801431169159087 564186965589937428
526543744473557661 753637202485549249
224413526607390456 584405330702046935
7698171226548860 446380555063112236
488581168726859067 810619382618690092
210211745303400986 135071118492920663
388561107380813650 67080552624725950
575853052083783408 402030504875470729
231930056879624022 350711654943914356
440495404445248440 91976904751172429
4216470610121887 634298934609363576
907689059506303081 503531129427754092
89480876911487943 45801734935254836
957625900523790910 332993056481804782
838150637572888231 130168323866795343
473281317742918575 477568862001409053
981440618368158808 181637429434127283
961346381551383670 908696949945265281
658022823675873586 46648820162290313
507989559825748362 86890819036276195
981614864372653775 844634743958088506
263974204875765030 293935069795187789
149803909758551048 147048128121231471
553799170087300802 283155930624189704
82226418744386805 392486928730533393
443111343070399255 611370972088645275
611898251728843504 148228482017352009
765269742195500062 901091943106541778
582123733382067346 830809850978500736
230169461002563857 560823645805884595
496555089676309940 885548586195702623
756508026799150696 658636142604092554
545545425305171822 742339629701176015
121950390807754204 31094264470741981
21237902656127002 842149028811458808
754124614064553574 615488775489814391
343461313802447696 51716076269570373
74838300605824063 99966191519712609
16054749950450155 231247334475944030
444242068914350305 714559634358367459
112055458201838082 413761486258334763
657721202329189123 728361966792994438
770696033268276974 608035089990128599
125521976939542176 934713639698826260
141497537353990474 978123356515792841
746042390466247920 760202573341198486
881407429358558957 104929681674883500
709059403094154349 137990073849995347
487171474443846385 318753478803190887
980740871300276430 228461546429354199
709895150982872494 349138508457466917
259759106773476110 681112680788447464
969956904450995391 657315159947656781
309416488934381925 354989059192264850
77412561441190651 698051458837682569
913723839482750796 345250236891967771
411516106589239419 792838247005636035
597945570679975293 91888143081358606
570638375674055322 545013549209682978
807838989445077487 406291162400813108
704744529038197743 713088482046512912
865908585173137373 733059964508655509
929990636466381907 472492722294696502
997407166654054335 23368608148984186
896347323008590049 442103397604078205
745460216827881294 149737048964597101
508320857376371696 98912051929656846
844321446957576580 85551921790889014
645392739592727834 39805285362326610
481223805203529368 860828248338614239
423941087974719799 772736360814233074
322943563496463365 129903447465978801
223558428959038050 755063441471917271
930256168148849795 809617083545750579
101824210283407346 184510088027880489
20103909925715979 270570590271311664
514920328750853760 414078514719512659
103388632507847639 281220395907636145
732298085999515623 60697616172412669
135242273607676510 810718124219853310
710250398803559230 337770800975406864
82650516160904027 749702034433692577
659465087962813663 10937692920467636
868510715247107014 936544450907038562
612789256245495394 730305319187543380
103916019022552536 266422009954739530
145739259814590113 833710513000179607
491294467736074507 23370899329250979
638281355574720949 678775170286293864
15422445184147990 377530352350795253
607238787594676471 57749131603660270
734631469768727284 329376496688608010
662053498011267839 459326005268866452
277946126921335517 359394761151250154
378428711442738087 400768788466872833
636114941521782346 454855072013040607
18909266569354248 384093789546292255
811810551343451893 677259572681756017
100470086174298746 922318050174588439
998833820335313877 730107018820995178
962175013781123735 801310358207503187
996956725916051749 679473113152193234
26957447041811768 106284960449073274
932467507256537181 521563786828358642
592827130942163062 942241168555092854
825794318618904630 903365902980035668
23989164520292265 84233899075292016
159199246071291050 384533455030988225
83251094805676907 74212364271175889
903166471426160369 769513186733951808
111402946592608660 718052467530007874
166567261314125187 910490342994106653
65379541253397823 959304915124779948
140647527507432475 887120557321831646
74356286881160899 752626711574433848
748911346385619890 420915333699972431
630692257779196858 631158501977743439
368088317535507071 748849444477809270
616529460337237756 121719310544556697
7091392870413309 732220062373266846
177259498805278883 770878035521873665
569078994658769124 36061987503257936
289252768864411144 101102190338295471
113200464540088109 237971595014164820
21568738376634820 789997203404887051
339748745578897937 160373189384688308
715335975010696111 237965250458024640
393176507200870922 826597376826151864
939724970894670051 135969640017952693
41546548005518543 28293612389043177
671187435974831032 32982545941451029
785320569761641819 963821027719111697
861326235516767177 598082303379854919
36774389405420518 276410758460671544
698605670855521773 105359792712171510
687586412302366186 304207611437002152
634598895108209726 542988688517535753
64845623018317342 577372812702086889
798971537956861460 27857227752198570
110361265676131453 844331439359553477
567105356840079369 679105244267698499
407156545977890367 639783088110020420
433388970129366006 491731561335989371
829492895675006429 4965564662857135
426095925574181108 598128338727846460
722285187787438864 208446319401727120
828070589294127963 988872523410893487
621611705882657490 7656800905608880
591289560243887301 80419863043051325
669557032443643738 216938320679292951
363285007786572811 435544509728680591
181659769610561571 192378065120996878
901952376763385157 636840861574533262
673652547913286117 482079639859871519
337401394994854349 242766744275713635
817153370579254938 852621611028503314
656932827031449660 119874591783660151
618975274561987961 856610769456782065
355484941425534058 704697629589607539
989172199567010557 553368040064919812
920504711365871474 418240919371666752
2327041304084702 76446563832844501
635175047994167211 998564374794022662
924362033259701781 354352781901500204
63532295939131566 150666275604110640
627064960683865819 372256704511828498
853587904926884693 337654875391812710
308880616657058986 198485628059261137
69454058406512058 277815967416918672
62147413377760826 552077414320366578
147457219585039155 277090348366159577
594240676581396356 64631499027244349
381185260365063260 643529666816842152
488860700940476865 612680807876902843
571758001387226892 102280053388795048
385764634296161130 120602320834963382
207101697277009501 127602174778723008
242336008034910265 587110793485480630
182494189222202023 287404330590285851
54200260557721893 111576553298765701
62310364726165892 492932283235471904
1 544260853154483755
3 606947865232184071
10 74175813651672987
18 624719720502028111
10 356209452747490572
17 858489955730496479
683319732732796181 19
7 281911990907622368
4 355712212159073221
13 555927575835709026
712978079104486993 17
95188572776779822 10
179642612903444493 12
19 549062674941374687
2 516860091747062942
6 368306958406917938
5 395173724549581679
14 281475794925711516
246071144477577314 1
117950839591505947 7
9 270278281711566281
6 353332236414181454
574301831953642389 5
4 96971606738740424
9 300227869032019918
15 616041236772947618
108319345112732740 15
184470575250704465 1
266719184819856773 1
9 717423117446134967
12800260254961423 20
779504344278553982 18
9 899514981743511752
13 790837676063972514
944453568256424364 17
868036829019680077 6
19 70852818297672645
135070861992296425 3
118154880407643489 18
9 81318080599956849
898317032475841409 6
886140807790661128 10
4 446872837858357646
133089058889651918 2
380302623683340880 9
291477789500054255 17
14 213730017433382433
625069691835462654 10
481318574081317470 18
822398359380268418 18
11 417697545526693407
3 8147143623905231
902769396258889769 7
819312106123642392 13
886922230932285986 10
134445348955679682 1
303752048638401797 16
504191349424758012 2
147982455177958102 5
17 812771380501341838
14 124297140938658198
219437867308339439 4
286218995984921466 19
9 425552118834168475
7 482859749744289882
117327957249969572 19
409002733805470821 18
148567045403524231 13
829176021223493660 5
228248268006388290 3
10 29908223478041983
244860282239578533 2
741643980381070978 18
6 661505782720929766
514025720343279812 12
5 113701745498592889
11 868173028569592448
44484899710965790 11
3 126878579622491332
25483937206123837 8
553180144628625122 16
11626216120986479 17
3 391716092588975910
6 918003458443373663
13 219846344751506631
84814659942954961 4
9 38250519475613472
6 113472480823035136
437745801605879328 12
8 144613691964454702
342240539050539008 4
12 250293843000228214
134963988838791221 5
19 210543450799840742
7 362678564565670823
135249461156156363 19
17 953790050849537569
742071087434058061 12
28201955657880840 16
16 116576841191099453
209944182450008913 8
7 248046903155113515
3 286261142205203118
71404777632903100 10
536368437957420552 7
334663194649458491 14
5 160082485571713331
66963493816653423 20
14 60277934417961438
909324410939704237 7
268124340239410633 18
400867035266935343 18
252860597268593212 11
12 293086104971949476
710866406729629877 16
12 21523457108884745
5 241329369970746594
89268917202919609 9
17 490085441796116431
162393841766215617 6
488307731039642721 10
972380303939102838 5
683848590897854724 4
426688912963479626 14
1 850991134538007202
10 927262753599348444
848114891873739988 8
17 181144761077913679
89690529670617949 1
549978557405065949 8
12 174159963676553429
2 81422738498704301
368260032587789986 20
421994222867902179 2
10 96121624546669102
518837431494735606 5
5 356898547419886420
934626528435472199 9
360088738967963676 4
363756297776602608 14
408849122558788009 3
7 104704264858155226
10 990406908273131120
11 464822496633727508
15 951615652107021739
5 992850190620718944
188417897079029774 18
374961794954189072 2
104717369047890362 18
6 807276385189604368
433731151298468208 18
17 985958245345323845
817944416327026952 16
6 151822340261774358
17 130178012847131425
15 389567653827648073
859892842901084699 7
876648445155479313 15
771985556611787843 7
259202502774054758 14
14 244213068538974543
19 849589069262826901
1 407185033402637578
11 846363081141062169
729967190102528849 18
12 554201578569125802
327171050763585855 5
20 733067734505006740
20 853944878444474277
608193467814576971 11
16 359690236323297982
15 186903338826380349
5 330840331103656737
14 578908177852912359
11 305650397691165687
8 48632475535027244
5 138520414645402223
10 248791094223959012
519961321638824560 5
15 764078533283567537
677049817645808783 16
25309396402324759 18
330880841226475842 20
406769074888242892 19
59868138190980435 20
14 576811535450971469
62157043149972376 8
915765065392043699 8
1 19818713531557858
4 295082673658653126
893253546674392884 14
10 641900705186314320
653436459289915701 20
2 219971102434958516
252342583677935337 14
873675896915125952 16
144395741913989789 1
25258666709707712 10
35325535462569249 14
18 977824561665990101
1 948923696673897531
384447867463982725 9
17 133967768507819609
3 601513970429206676
20 125561836776159110
9443789788491028 8
413837732798536608 5
16 865970851330908088
32014651351437769 11
387192090996731502 7
5 518801270690252060
92136453005905966 11
95790426376046242 8
17 259275314124461837
219917155009092741 4
4 282496647488115094
9 882358116488354436
105730484237322075 1
16 48913471105136552
12 52751477899797704
612439999932962102 1
12 148417807823891001
241270886574238437 7
17 25203854636757581
11 518091079648070738
20 122514492736578426
117019386510457777 10
507784648144707810 4
343091580360785350 5
486320150808858214 11
5 547136527989056277
93139212219415545 19
18 139659252623112790
715995235960802359 5
775540035737133101 8
7 943332878639835703
57081057452924953 12
38822177655841439 18
632595298214386346 9
11 595198271495435255
273989421364782328 3
851698440417798720 6
3 727677369593582929
18 839052606211889605
4 75092353888071986
907297304910695730 15
17 715525163536216185
5 741552172388301540
12 765775498226944474
632450922212971905 3
165567710122622097 9
3 424475563399269321
6 648827808463162199
214306666393029548 7
727886882293144728 10
8 528738832057064606
20 921439771031811043
289385147136271656 9
373359356135225506 2
669837428489629632 11
175525528777260557 18
470897230850605786 15
459685257163653210 8
11 342705373574012992
5 806332328976665399
1 326041233322721185
7 259523010032336251
1 124477543570462822
730516094699281944 14
497402117181984458 19
14 856168559998826069
13 949953432090400809
235876364504098108 13
509723351839091353 13
112710160120537167 2
5 61081649308945337
2 905305624585803135
179404536311173831 5
11 703095637959483999
182876637233492469 5
11 72556491902424213
15460995077331710 5
981212364055390099 19
2 384250664568509173
16 410618209327412101
611487937242237279 10
1 229637611148116363
2 1391630523532930
14 64142539200395561
28910661501371644 10
20 581635583721331453
551265825849100952 9
220321975968890033 1
782995705143055455 6
99487990107191856 5
11 872502907301636587
140959344965357597 10
5 820112870586248193
8 137370274173555586
20 480692650202100319
409899183093578438 5
19 27659498838330579
402254272588852194 4
761553672790031247 10
7 559672090877723605
110931014739767993 19
6 63752945249110870
3 543983641453870407
10 300513034816785609
6 473755359252632330
15 797313644873826166
12 40618706290669066
894677895279508470 8
17 148526887453797138
723854167621971438 15
15 556095825421181324
908917491108148993 12
270606315685600912 7
18 658231638411523841
19 868526585991593785
1 182383730179042661
5 920335438193681976
15 266948673556310017
73112382914160812 6
1 479767695686857458
650318953123565106 9
15 369539333598182872
793303997277943865 14
19 523615535526308424
3 921521366254011545
925362921912268674 19
13 77122737443831652
394610968103550816 17
6 307101963563104253
317913854608996496 7
15 590610628711746919
11 310718942633652739
369707578601227745 8
546996636569074598 20
4 38099862169961905
14 704162035452358737
153300449113258301 10
15 36561829855679742
15 560938599012255329
135952141595459900 18
6 43163801691216125
656848269651543267 20
8 140402878659976911
13 272440220477456138
16 4557477164271233
20 43267283495541303
520370731907044867 15
18 629744858628825558
4 272127806273956891
15 836685396574561518
274098289209573692 7
10 379600756501879312
29864644303879060 18
11 443363679258917008
98096631723633258 20
14 299344376539626233
82801855864077480 17
22068211498942139 6
13 402363627213014708
7 254421137183782183
9 131126907508140933
12 73765562955585951
15 421539067070872819
20 284075769827877127
5 35682051751667536
105075304176817792 3
20 329084816424074293
16 677273175376157014
463311833363869855 10
9 882568573742231607
24957924089668156 5
6 41136792512226727
13 440146047988119552
313938858812645809 10
608128630498226684 16
665179005178885344 3
5 49758756388142193
990645286830803055 3
382218034407234081 7
183610571308656573 19
10 122120763285289446
4 815911169470306052
228117221141728134 15
8 75029439993310027
149265787229628358 11
11 71104500152784794
50539316896702398 13
695264410742236014 10
27230371399436142 10
555453256185953902 7
5 215611293941387151
135824019862349148 1
24250098260673197 3
6 258176672250432591
18 814845069868530035
698041604660970016 15
129224330374568518 1
857206916311482659 11
320482764396771350 4
510372405147541784 7
4 919626508691055729
8 373646151218257506
137636601315444954 18
514009100116175479 6
12 350953644321299290
1 958481083934488984
4 312691970287895125
18 215953966074495428
66149144114461600 16
682674367277670120 12
150173718376389329 17
14 503510940914503768
320088495359554263 12
3 459020895195693956
126776689543790284 10
838940673500389348 16
812633733325250055 4
732129198189479989 9
14 490804085232301942
56348749565101289 15
14 513185059759331371
618171937339804633 17
5637482480460086 20
9 761616359169366334
87747124484708531 12
9 647573266379116000
601986714267300389 1
41726734859093646 10
12 94014860468232707
20 40217721449177295
7 644885968959705233
15 70358466162319575
14 461638308979916786
13 124549998696606910
6 27209914851244411
646581043322949869 20
17 516466457226843723
971438367640764889 10
30927893533325081 14
88616973419482868 15
19 290251526021840719
6 878282324063664866
11 96645435085842261
366760246534843625 15
4 56820684723780144
11 596993366255333292
17 891013682916921933
826542740749955354 9
15 400522994669545880
23589368786368418 12
14 988357269977419985
6 762742992394420393
111055631618318880 1
32383542297590847 16
837481176475566824 7
125195056018102798 10
8 387439608691017946
983244122422746003 1
6 343575635384637003
3 839378754952748946
103345041749148104 18
620333812330437316 3
205733136103464167 17
341949484138181076 5
7 911062425576631906
19 173522024265328779
92759590903853920 14
11 648402510393465415
10 100980451877059603
463033247921401779 12
16 657350043646162825
4 259066642395317682
1 381969706347922108
606961922410985885 17
13 70589543134908141
20 279896692883426991
182021150913180465 4
20 331301978846912703
10 559584574084300105
7 463538522719311917
14 869896059623364023
16 119079775531143968
77492711055198991 13
6498744980731887 6
426333913640851596 4
349612019362456797 5
893895189704211429 20
9 796470538572755210
20 177383906662035039
582850809372553895 15
23921047319565604 7
9 427080897092468330
295087494300368083 7
140154076827145283 10
10 788713956240667737
