5000
3193 794
965 1822
4002 1433
73 1149
4509 4637
918 2257
3809 2391
2881 416
2973 1161
4829 2541
1453 3093
1370 751
4177 361
3101 2201
2495 1221
2326 3125
1096 1617
3384 941
2466 3921
2201 2339
2174 4013
511 2426
3519 1727
4717 2013
4552 2548
230 2586
21 954
571 1042
2181 1732
2281 957
4390 1559
1936 4153
3201 2421
153 4301
1015 4409
4965 631
4141 1401
833 3771
1533 2868
3080 4541
1826 3221
4029 2713
3891 2633
1887 2569
2512 101
286 3069
1065 19
4056 4487
74 121
3493 4562
433 745
2509 3112
2555 3905
3959 1253
1989 1241
4347 3635
329 3233
3921 1501
836 501
16 676
3845 1401
841 321
1325 3866
4565 567
3269 2346
655 1006
1036 1505
53 1583
2641 4926
3787 2761
635 311
2513 1311
1061 530
529 2844
2357 2863
4307 3207
2169 4457
4414 3022
917 541
74 1971
817 1559
1699 2896
4015 4163
301 1603
3407 1455
3701 2021
229 4361
1641 4041
4931 4167
3437 4121
3541 4911
3853 4421
1129 1
1401 2171
3573 4041
4209 1697
4111 1751
3557 2501
1513 2491
3661 3395
3143 4671
2727 3270
1 777
2712 2981
4721 1222
4671 921
897 2251
2090 344
3776 3366
4625 807
1893 1161
3127 1721
3865 951
2621 361
1665 3301
2176 2465
1569 3983
1409 3462
57 4837
3001 3941
2553 4415
3547 3309
2727 3161
3797 4554
4717 2590
4861 3225
2816 287
2230 3274
3803 1261
32 3387
4763 1733
953 1505
4408 4673
1990 3251
32 4317
3443 651
4779 1777
833 2641
51 4241
1808 961
3287 2809
305 4281
1847 2161
4173 3637
3994 2416
1215 885
4539 3928
1293 4859
2553 4117
4971 4933
3996 1033
2000 1111
1072 2616
2594 3059
951 1951
3211 549
3202 2546
985 2247
3112 2921
1756 4560
2301 572
481 3941
1385 3598
1249 2025
344 4353
4006 1287
601 2097
3467 322
313 4656
1069 3173
4751 825
1273 850
1833 2771
4447 2316
939 4546
3497 1455
2706 2409
1405 932
1939 4353
2521 2025
3805 4475
1615 1953
3255 1377
884 3696
4978 2953
1067 943
3286 2855
941 4211
1521 2609
3251 1319
981 222
1625 4534
922 1521
1826 1193
4099 1415
1574 1321
817 4225
3171 2861
2225 526
910 1751
3696 4401
501 3503
4257 687
2957 1095
2649 3281
2593 3163
4814 2376
3436 4113
2321 557
3801 1699
1399 1763
4808 1935
3761 801
3616 4985
3635 4021
4356 3430
544 923
459 341
2737 3245
1856 4870
2401 3002
3645 3212
1006 1143
163 2721
475 4601
1581 68
1496 2088
2376 4545
885 2655
2751 3063
3933 1943
2269 792
2773 527
486 3751
1861 3216
4683 1481
297 2617
3452 2847
4987 1877
1405 4777
3678 3161
2827 2001
2980 4575
4462 576
2623 1401
3955 3481
2377 3379
3637 1831
4101 4559
603 1662
4651 2152
730 3189
1204 3857
1511 4765
4456 128
2391 3969
2394 2627
101 2141
3121 209
4409 4565
2982 2205
1 3080
2273 4349
3539 2488
41 1591
1526 1260
2141 1009
3951 1241
2501 4428
2471 2213
647 4040
2345 2279
3752 4810
3612 2111
2472 719
1767 4201
2949 2671
3297 877
4701 4001
2401 965
4381 1641
3627 731
3431 1085
3880 2957
926 1139
756 137
3802 1997
2601 3796
4843 2708
4766 4401
3116 1091
1876 209
927 2128
476 4349
794 4737
4661 2544
4884 780
1357 2113
3641 4435
1243 561
3941 1761
785 3376
429 2140
3989 1995
1513 2247
2847 1231
2453 4206
2537 2480
9 3961
4809 1521
835 4876
3043 4324
43 3097
3004 989
3156 4401
3173 3289
4241 3329
173 3511
3013 1981
1701 2015
2696 3547
1356 4193
2366 4857
2649 186
1221 4597
1251 1645
4011 4783
309 3821
3436 4626
2739 3096
2137 2545
3001 1811
4081 3196
2135 526
3675 1737
815 3601
91 1498
4217 3527
2568 1537
1661 3529
3694 3197
4049 2501
4001 665
3858 2541
1889 4391
685 2861
721 279
356 949
4029 1947
564 1324
3081 1906
556 1829
1721 2230
211 2711
3585 4344
1591 2081
2156 3167
101 1216
3126 1225
2331 2701
1865 561
2887 2888
915 1339
3518 3501
2153 3241
1371 3951
3491 3613
1928 1801
3369 219
2423 1655
79 404
530 1526
553 620
104 3538
4683 4105
4904 2877
2183 4329
4272 3121
4664 1675
4567 3317
2251 456
3757 4921
3990 4021
2751 3781
2933 331
2499 3385
3750 4281
1458 4991
3780 3590
666 369
3260 2570
1057 151
201 3201
634 4057
4457 1379
1351 2001
2297 2199
1971 1167
1523 3051
2552 4395
3323 2249
2270 4328
4620 473
3793 4973
3225 4068
283 2703
4922 2079
2902 4573
4311 3681
1872 3105
3602 3195
1319 2681
4613 41
4868 1298
1611 3539
4233 802
691 1113
2169 3099
3666 2937
1205 1209
1035 4010
936 1185
787 3601
4201 4301
3181 372
3663 1497
4085 4131
4961 4441
4841 2977
17 3509
487 10
791 4826
2021 232
1997 4701
4724 3091
4745 613
535 744
4241 3241
4806 9
4053 4666
3286 3771
4841 3491
3733 2169
1811 4356
551 4536
3065 1601
4418 2153
681 4105
1097 4801
3929 4241
4985 3571
3375 1355
1330 3081
4855 1267
1301 3001
1676 119
2161 3249
1535 2881
1819 3200
656 3574
1342 1285
2801 3731
2815 3969
3933 3813
4965 2741
4201 3812
286 4337
2956 2244
2648 4001
2784 4880
4461 4117
4153 1441
3983 3731
233 3180
1353 3533
640 2521
2137 1625
4389 2241
4581 585
1388 416
4409 707
528 1077
3349 4889
2761 4921
3047 1846
4921 4597
3191 4261
3499 3801
1841 4477
4369 2569
2829 3945
2375 3968
2615 3101
3362 4881
1753 2629
3745 4443
2351 1665
161 4316
1746 1765
147 4122
3533 4566
2066 1578
3965 556
4361 4517
3441 521
2717 4447
293 3376
737 3342
1147 4911
233 1771
4026 3281
1697 2385
4977 2737
4521 4917
1776 3194
366 1462
947 2649
3214 1245
4351 3959
4785 3184
1460 1221
4446 3965
4889 3813
3868 3013
1921 630
4384 1316
4849 2951
1158 2746
3419 720
681 326
3121 2301
4800 4441
39 3127
2363 721
4991 4041
2417 1825
367 4545
4433 1849
1577 1976
2885 961
145 1436
2001 1275
1069 1277
2577 781
3353 4073
2354 1126
2762 173
1271 646
785 565
1725 4521
176 1771
31 2911
1833 1257
1529 3201
609 4721
199 3841
3669 4759
1235 4253
4241 3819
3323 1220
3081 1321
3757 1928
1516 105
2493 1451
1037 1184
1801 2009
1301 3097
2416 3831
1291 201
2156 3271
1861 3761
3745 3431
1221 1285
2529 4785
401 1807
2051 683
2377 1326
441 4673
1833 2824
382 2761
4712 2417
1021 1344
664 435
4538 561
2542 1939
4481 4733
1606 565
647 1097
4089 2040
4537 1397
4533 3971
3975 681
4931 489
2345 1203
3230 4681
2149 4674
268 3401
720 4451
1091 2709
1681 4621
1804 3657
2713 4967
3090 2405
3803 4958
376 417
989 1039
2949 4951
487 2156
3475 4779
2401 125
2371 466
4941 3975
4841 1913
4897 2485
3241 3141
1063 2021
4400 1116
1686 744
401 1371
113 1169
4230 4756
1559 2051
1573 513
391 3643
3825 1374
4397 2736
572 3928
3113 621
2681 931
705 2277
3577 1001
969 4373
4577 1519
3984 2273
1469 701
111 4345
2345 1789
367 4065
2554 4830
2761 2757
2609 1264
129 647
3119 3821
1322 2883
2285 4251
4369 2399
537 601
4836 1978
3577 2363
489 2095
3531 4390
4901 605
1291 1401
670 841
1775 749
3757 939
2185 4980
4967 2469
3437 3745
3025 3337
336 3271
4421 731
237 3776
1437 1949
1221 3031
3261 1748
1421 477
4751 3581
218 3845
3791 3613
2337 601
3789 3195
3625 273
4751 1275
661 1143
2171 3637
3626 911
1721 2269
3273 621
1533 29
1486 824
4258 3875
1553 1890
4161 1089
80 2709
4425 4705
49 3145
3101 3141
3816 4093
3041 2409
2226 1089
2201 3947
3279 4581
4635 1661
2345 2273
4758 1983
3881 4711
1045 1385
574 4009
3065 4099
316 867
4891 1995
3305 1214
1411 3813
1734 891
4561 4891
4993 897
3776 3121
2878 217
921 1079
3531 4060
4702 3665
1428 1581
3589 4507
3057 945
781 2975
4445 1657
4561 1291
4765 951
3985 25
3039 445
115 705
951 653
2721 4419
281 2945
1371 2860
2324 1042
953 3903
2711 733
2056 3931
4977 2481
846 2103
4780 449
4941 921
1096 2700
776 2793
1679 3611
191 4203
1009 4537
2009 4229
2127 4446
4207 573
631 2576
1069 4479
4036 1581
2837 2370
2126 451
1953 4603
4673 3556
1460 2004
2436 761
168 1175
4274 4813
3263 1961
2017 2397
1296 553
1694 3117
1293 1746
4441 2250
801 601
1419 1156
4001 897
4076 4961
2654 2865
185 4101
2941 2669
2946 869
4309 2221
4313 320
3021 601
1975 689
1231 3219
1941 2971
1142 81
36 1302
3035 4325
4001 3285
4972 437
2913 981
3139 1857
3021 276
99 2381
4472 3226
977 4003
4883 1001
1121 3751
1653 143
2756 4433
259 943
841 3601
197 1101
1977 4561
1411 1009
4371 1641
2173 4377
3849 4234
2164 2501
1425 1013
2525 1120
4399 3629
2826 2311
3501 3915
2196 1121
296 4417
2425 1269
4421 2336
3320 2081
4961 1491
3702 830
561 2941
111 2531
2467 12
334 1833
733 1729
101 4321
1186 2430
633 3805
4381 4601
1709 2859
444 161
3139 2195
2633 4541
231 2993
1331 2181
761 1741
841 1929
3241 1251
439 2133
2501 2281
1016 227
1513 3059
1369 2545
2081 3757
806 281
849 4697
1251 4536
3001 3622
4977 2233
2255 3385
2310 1261
2813 3801
1081 1053
291 1295
2251 3653
445 2501
4521 3681
2905 4217
3937 4497
3019 1999
1929 945
4009 1321
70 2543
4933 409
1551 4661
3010 4756
3117 2217
1347 1893
3694 4417
873 3646
2675 4606
2321 3471
4965 1721
1301 4286
4109 1449
2038 4857
3905 1269
4321 953
217 3074
1468 3603
4121 351
3949 2605
3265 2576
1686 2185
1646 3659
501 881
4105 792
4421 4835
3808 2915
4141 2826
795 503
1465 1721
571 3821
425 4657
3065 2551
2401 166
3535 820
4605 3049
97 501
2051 4101
3057 2190
1385 3301
601 3281
2909 3306
1965 2921
1911 4841
2497 642
4151 1535
4817 1673
4641 2601
3321 100
4273 133
4438 1966
383 4956
1361 351
4671 1557
481 2023
1961 433
1052 3231
2601 1705
651 2770
441 1286
2816 842
529 4449
1836 2545
1505 3689
2923 1001
1261 2159
1889 3970
2318 4725
4307 63
976 837
4321 1129
1831 4812
1391 2359
3761 2157
2137 1201
4724 2740
2469 3146
4986 4966
2277 4321
4801 2643
2313 1391
3841 4217
9 2006
3785 4827
4417 2999
4426 3718
2201 2710
4421 3461
4579 4377
521 1504
241 3901
919 966
1713 2417
4833 2801
3046 4522
1301 2479
142 2593
3733 4837
2911 2875
4821 1313
1497 1020
4841 2651
909 3771
3193 2665
3238 1365
4193 1466
936 27
4369 858
3721 3489
544 718
2201 1193
222 3236
3881 1164
641 1776
2681 572
2662 1751
4169 936
4997 2461
705 2532
3954 1007
213 393
1691 2393
4811 3529
3117 2049
4341 3901
2209 956
3751 4236
175 1596
1466 1519
3357 1560
4125 1187
661 29
1654 805
3895 1020
4405 3426
193 4957
3775 2178
681 553
1803 3897
3411 984
446 1551
3369 3224
2641 337
521 4822
2975 1315
1093 2165
3576 1481
1141 2251
2857 2123
3001 4281
4990 970
2395 2153
2061 4267
2996 1235
2947 4907
4728 2081
3241 1061
905 4781
4321 3477
745 2153
4313 2718
4323 2851
2199 1177
2547 83
3185 3237
353 2834
671 935
173 1423
3255 2055
2321 1939
1351 1344
3049 363
3701 521
1433 2351
1551 281
2339 589
1497 279
1707 1193
4769 1761
3329 3968
3433 3853
3849 2313
961 290
2921 2658
2606 1870
2981 1238
2079 4157
221 457
851 781
3853 4801
4697 3053
2876 4353
3079 2461
13 2781
4951 3700
3466 379
4001 4841
3001 2801
2401 2921
321 149
765 3641
3686 4776
1725 2369
2174 1539
4149 3159
3385 1859
3026 4593
2401 1756
1761 196
4621 1837
1249 4061
2681 1721
115 1245
1826 791
471 4373
1596 54
2626 1691
3396 3149
4806 1773
927 3464
2297 3030
101 4991
3079 4251
951 3717
3385 2785
3131 597
4651 4131
4281 1407
2721 3359
2277 951
3329 924
3780 1635
2857 2145
9 2777
2001 3171
4339 4150
3091 4537
3663 3785
2217 58
2889 499
1601 3563
4389 3369
1736 3537
2227 2467
4268 4674
4874 1241
1545 239
1241 2361
1705 4480
109 3017
1568 1517
1009 12
1827 4465
3801 1913
2352 1456
4975 1647
2521 3039
307 394
2405 2305
1531 4513
3341 3883
1276 3050
1355 3209
1422 2961
4489 2569
4361 4413
645 3837
1811 4097
3774 1814
3641 381
716 1093
4833 3589
1989 4137
1383 3913
3687 4473
3130 2626
17 121
2657 1393
301 3807
1244 623
920 3877
1953 4759
1321 501
2881 385
1353 1433
1821 3374
2345 3613
2354 4849
247 526
2570 1682
2289 4803
4561 905
3801 4577
1851 4001
4824 3489
4713 1449
1605 375
2737 121
1131 24
129 231
2783 2905
3673 207
1731 536
1965 291
3181 4946
589 241
3117 3502
1379 930
2281 2297
4754 251
565 1739
2040 2381
2430 3112
3839 2113
477 4065
3557 1069
3944 3320
4884 837
3321 453
1665 1177
4331 1177
4593 2653
913 205
1077 1841
1817 4396
1123 157
3689 121
3029 4269
857 3845
1611 2251
1045 3225
3782 97
154 3641
107 3823
2021 1893
2403 3241
4681 2267
581 2593
2593 590
4285 3176
1373 4721
4841 2560
4797 1803
467 3443
3321 300
684 4125
3281 2201
1026 1588
1025 1763
3279 230
4235 4526
3738 2645
11 2001
3051 475
2257 962
2846 1601
2567 4589
2136 119
3081 2825
2981 1680
1119 959
2861 4486
3921 3773
3773 793
1898 2951
131 373
4025 273
3359 1977
4784 3369
4521 559
4753 1053
1801 4041
1726 2887
4889 1139
3296 4928
760 4566
985 3882
2705 2997
4065 281
2486 326
401 4675
2435 2819
3979 3453
2521 710
3351 4705
583 4499
339 551
2243 248
737 575
3681 3473
2826 1755
481 1141
446 2677
4993 1849
217 2017
1566 4272
2070 4713
3076 4019
4907 3867
2453 3072
3365 2999
2465 3055
1153 3781
4917 527
4271 367
1106 3893
4325 2881
181 4633
421 2490
3979 2403
1388 1536
2669 1586
4821 857
4921 3628
2656 3739
4223 2941
1291 2854
4334 321
2079 1513
801 4151
2002 4281
4613 3146
2283 4296
745 2150
4717 920
4416 2193
2644 2861
321 1013
3361 4681
985 3881
3773 1049
581 1423
4159 2119
4701 1821
1971 541
901 3469
1161 4081
464 3361
1052 1188
923 397
3471 3822
4421 3912
1785 2683
4717 3250
2153 2763
4215 4702
3910 258
4457 3853
4081 141
1096 2066
2801 25
1550 372
741 4858
4671 935
1235 913
1841 2641
4143 4383
523 2361
1809 3502
4809 3530
1847 2395
2657 2317
2597 4231
1288 4847
3275 981
4857 2397
4301 1953
1466 1169
4257 2597
185 1201
1769 3696
90 4317
1042 4711
2669 1161
2607 2562
4329 1927
1073 3385
3018 4506
2801 489
2305 3882
1531 2001
4424 2461
4645 1411
1375 2951
2337 2289
224 3329
368 2121
215 3641
305 4761
4473 601
2375 3965
1609 2964
2341 4161
2933 4521
1033 3416
550 1017
495 2759
2792 4856
2545 610
1610 717
1286 3809
1345 973
2935 2451
1139 1424
4741 2745
3286 4419
1966 1121
2111 1664
3701 1467
348 2827
3581 1423
2568 4233
4761 521
4171 3737
2169 3470
3872 2783
523 1161
1509 617
3429 3905
801 769
447 3218
3685 2902
2156 4547
1137 841
3037 4641
4097 1291
489 1693
4031 639
1411 3767
4873 905
3584 1193
3901 769
3713 3473
107 4933
1501 4479
4697 2533
2981 2711
706 3813
4437 4413
4069 829
691 1147
4857 3070
4479 4601
2208 3605
456 3841
1319 1571
4041 1817
4809 1485
1525 1768
1003 2180
119 3253
4601 476
3861 457
4606 3751
2001 7
3601 1945
2598 2769
2919 894
2789 3153
1455 2211
1320 2081
861 2563
46 191
4049 2511
3195 1733
2891 1750
425 4543
3759 817
3003 1221
414 2301
993 1981
1185 4974
3953 2553
3613 1233
2951 2639
3801 19
1179 3376
2787 2131
4165 1247
937 98
2501 4212
786 4387
2141 3196
4867 2510
4741 3721
1809 1801
3741 132
2129 581
1478 736
2337 784
4621 1251
1657 3500
4521 1909
4689 2701
2151 3564
253 461
3153 889
1126 3459
1923 2358
1551 3699
225 2107
3127 1
1649 4569
1771 525
397 651
128 2503
4577 3425
913 3633
1328 33
299 1241
422 393
3407 857
3561 2657
2617 2429
2787 2721
4681 4609
2381 85
4796 745
1541 824
2997 2581
2009 548
4231 255
1397 819
1977 2092
4772 1441
595 3577
2306 3281
4357 4250
2481 3733
327 3789
492 4669
2223 3543
2731 1281
673 1626
2737 905
1876 3271
1125 3153
2853 4399
231 4086
3801 1481
1032 209
2011 1697
2630 4378
3775 4476
4205 1447
4531 3683
1321 931
3729 4377
2384 125
669 873
4641 929
2565 3061
3599 1966
1395 505
1481 1867
1751 3776
2332 821
4483 4231
3057 4668
385 897
3321 2718
3382 3665
1283 2671
3721 3807
1817 4893
15 3821
2333 4608
2183 3625
3817 4049
4405 1785
2491 1049
4691 2521
2297 2231
993 1616
2833 3697
2390 281
4385 409
4555 3205
3819 1101
1903 144
2697 924
3455 4836
1676 4135
3701 2989
2751 781
1403 4901
695 2145
3841 1876
3216 4402
882 2837
1169 3057
1218 3663
4571 1347
1751 4986
1817 4361
3706 3817
1077 1007
1543 3397
2367 872
853 4665
165 262
429 4877
2401 2085
3674 785
1187 2621
3001 3596
3165 842
3568 2076
3069 3776
2088 936
1329 276
4962 1801
4684 3303
1841 276
3995 2920
4330 3886
399 4171
1018 2978
487 4541
3529 2301
3363 1699
1491 2297
1816 4381
2151 3971
526 3623
2449 3339
2647 2308
1601 3599
2767 4485
3921 271
3634 4401
2199 4953
701 89
1195 3973
1437 739
2385 2297
3235 2529
1855 1755
2397 2141
2843 4625
1781 1320
1785 4515
4401 848
3335 1089
2001 2216
4206 377
2943 2343
2341 2927
671 4747
195 4365
3089 325
2957 3320
689 4604
4910 4351
1389 1293
376 829
345 3217
3857 3877
3754 2201
3601 2759
978 211
3649 1753
2683 2720
235 3651
816 2358
2061 2645
1201 3539
4340 1939
4004 1057
1521 4401
2521 2037
818 3065
3231 3585
4449 1025
4955 1629
3913 3871
4961 3807
4923 256
3361 1083
4789 4266
1855 3538
958 3471
4584 326
1517 4351
4705 1201
2433 1481
4679 1577
4669 2044
1133 3889
1663 4264
2441 3681
1885 4481
3176 2896
1876 291
2503 3817
303 3619
3533 1121
881 4841
1186 2069
1770 41
3441 1641
1397 1783
2248 2395
437 1385
3389 4937
2401 1321
1161 4801
3516 3423
4932 4692
4145 1045
4097 3002
3275 3449
2835 2767
2275 4836
3111 1913
4065 4866
1626 3602
2759 1012
2433 951
4313 2517
4874 713
2561 225
3258 255
3013 31
1832 545
3821 3530
2189 2589
3419 936
2457 2261
1305 653
3523 2327
41 2507
1379 3291
3290 3102
2941 4745
4110 4147
3457 2579
4235 1243
4508 4291
1431 3449
2677 4641
141 4544
1801 361
1835 447
2664 4013
1081 3229
2476 697
3485 4061
4091 4273
2721 3509
1411 1137
1113 1172
2278 4541
4297 3100
2041 456
4481 293
3501 3925
2541 3993
2401 2047
4537 3310
3345 4513
4306 2948
386 3501
985 3445
4656 1380
2786 4664
3621 2523
2013 521
2297 217
1713 4753
1273 4095
1083 2230
2375 548
1516 4874
849 4285
1665 535
2801 4570
2476 4973
2379 4578
4001 3108
2215 1673
1199 3417
3909 4817
1233 116
1801 541
2997 4393
3946 4646
19 3793
2466 4420
1249 649
4938 3005
786 3809
1073 4675
3139 4671
4377 1303
1281 3101
4057 4088
961 1456
4489 2368
3136 4621
665 336
4100 2751
2731 4840
1292 1780
1113 1591
1209 4885
3337 1543
4513 1517
1516 2177
3524 3401
409 2293
3851 109
3743 2978
4593 4956
1464 1425
97 1468
2793 3121
2251 4217
1791 1337
3526 400
4817 26
477 897
1657 1209
2460 3476
1 3762
1029 881
3959 4609
2993 4489
4169 4885
833 1017
4547 1901
249 3591
553 1497
775 66
2011 2299
986 4661
1599 2345
1473 467
1129 4221
422 3411
2056 521
2904 3145
1641 1761
4261 451
766 1233
4785 1593
1705 4501
906 3830
3862 1066
459 3490
4411 3665
2230 409
4693 817
41 1729
671 2311
951 2531
4986 3265
2666 4369
4166 2506
4464 3276
1069 3365
4585 2566
3621 1789
4121 2849
4429 1769
511 3363
261 1051
2099 537
4427 2051
4621 4469
2925 4255
2663 221
4057 411
4655 2623
2898 3297
2448 4081
4984 3703
1910 2688
989 3899
3143 3365
304 2349
4188 4901
2824 4897
2124 2751
4249 4668
617 231
1371 1331
361 1207
3505 2841
1227 1269
3653 3231
4290 325
3056 3161
829 2301
4721 1751
369 1109
3523 1665
301 1995
2529 96
1371 3257
561 3981
656 3901
873 2561
3321 3969
3466 3485
4938 4009
4829 4569
4329 1141
2181 1839
4361 1721
3216 4221
3180 641
2345 4015
2645 4543
4669 325
697 1792
114 1536
2491 4594
3821 4013
4241 1985
616 867
2419 1997
3085 4284
3453 4786
2221 2868
3249 2014
261 694
3651 1918
4262 3553
3317 1501
1203 4081
821 4166
961 1953
3501 4981
1529 4057
201 2175
4734 513
4681 3466
4027 2845
3065 244
3616 791
2319 3673
441 4593
3481 4896
4117 2056
3285 4213
1921 3145
2265 2011
4360 4886
4043 844
3523 3475
4166 1801
1839 4926
4717 2941
1461 1177
3897 1194
1835 3384
2561 426
1399 4185
3479 2520
393 2089
976 554
3571 1395
3101 3372
174 3445
4851 3419
1369 2173
3593 3871
2131 3985
3427 1359
3991 2057
4671 3726
4326 3336
2451 971
777 2002
164 269
2555 505
4737 4567
315 4471
3137 3057
1449 4299
3975 1669
2289 2542
4237 1801
921 4729
885 3001
983 1961
4113 2985
1361 1841
2823 1729
781 3641
4703 3436
3361 2001
3776 980
176 4751
2312 2101
2385 3177
3804 4785
177 2119
4041 3717
1641 2731
729 1886
401 503
4109 1167
3243 507
951 2899
2601 3634
1895 4893
2945 1943
4996 2561
25 3969
2902 2815
4307 2282
2009 3152
551 4859
2041 2715
643 4705
4726 482
1545 81
985 153
1611 431
553 3483
203 1917
4749 505
2915 4176
1481 969
3649 273
457 1353
2227 4049
4921 41
2761 737
2063 3033
3096 4307
2809 849
1317 1235
2728 269
2049 1331
254 2545
2977 3460
2184 4426
4274 197
3772 4947
2812 1811
4901 2533
374 3761
1061 133
2722 4776
2021 2046
4823 2319
1297 501
2907 2609
377 901
4441 2051
4071 2541
4601 3381
4281 3633
4833 3135
3507 2817
2089 161
4429 2729
1001 3657
233 501
2451 1177
521 1201
3850 1693
61 1549
997 4231
1184 2270
1401 879
1691 2560
1568 2681
3662 878
603 1683
213 4289
4081 1769
1081 3926
4913 1367
2927 3923
3529 4927
4641 1950
3610 401
1846 2634
2341 851
151 2467
3641 173
529 2315
4389 3348
2621 4851
3596 4841
2679 2526
1673 1859
4741 2245
4354 3626
4396 1295
737 3045
1033 4354
2857 2843
3036 4062
4249 233
3434 1701
3461 1327
937 1928
3176 3801
4151 4827
4101 3991
1889 4127
2057 3009
519 1491
4410 83
1349 2643
4361 4211
3836 4864
1509 1057
2382 3099
4161 993
861 845
4751 1925
3876 1001
414 1065
2441 3117
2418 569
2762 4831
2189 409
2757 4153
883 3985
3543 71
1916 831
4833 3505
2863 2760
533 2421
1841 191
3041 108
4953 2969
3201 3812
3845 2377
3594 682
405 4453
3083 4338
571 4426
4027 3237
4687 695
521 1353
2501 1059
139 4415
201 701
3303 1172
3429 2371
3169 47
2708 1481
4561 1733
3473 3036
2956 3829
3976 3761
4590 3081
1881 525
4243 1588
1661 4347
2486 1118
4319 365
4280 385
3433 4433
3256 2108
1576 3749
1610 1201
3621 3838
776 2073
2665 1769
2810 700
2006 3969
4491 4781
1581 1129
4751 4969
2769 3445
1277 2401
3816 2333
3788 3483
4417 1564
145 2501
1726 1685
4738 681
4011 596
2694 2506
3501 4191
857 4663
4716 3719
4831 19
673 4201
1338 1457
2201 1482
775 735
4031 1421
2713 2926
1607 665
321 1
491 2774
4941 3317
2545 4545
262 4381
1801 2567
4025 4969
3511 4487
141 1081
4651 1456
1145 4893
1233 85
2499 2201
2586 2779
2601 959
4623 3775
4607 4089
2073 2925
2879 138
2119 2257
1951 4157
2839 1825
573 1161
4659 3951
561 3897
4977 1
2401 121
593 758
2761 4452
2489 1888
1647 4555
3831 3687
4401 4726
3496 4175
251 1377
3153 1751
47 951
1091 2397
1484 3630
1347 3095
4706 2141
1961 3328
727 3745
4833 1791
3893 3496
302 4181
3256 3175
3201 4887
1195 381
336 3029
4523 2405
1083 4735
718 3888
329 2663
2665 2782
801 801
2017 1163
50 4876
3739 209
3418 1378
1553 4961
2408 1374
1438 3777
4701 1248
1393 1041
3441 2363
2587 3973
4176 1626
1691 669
886 4426
332 1869
1509 3034
3063 1801
982 1886
4206 313
2124 1281
2599 257
3076 941
2415 4017
2281 3793
281 684
3113 3915
4218 2268
4767 1705
2169 3594
4321 245
2076 2832
2200 826
3284 3014
803 1209
1455 4573
2875 789
2579 3411
1571 1561
501 115
129 1051
4522 2339
1151 1
2556 4941
2003 4037
419 1237
880 1161
4880 201
3051 1829
2301 2593
2005 1169
1681 2884
4357 3867
1775 4926
4959 3085
3801 4859
3263 3536
1871 3366
936 3477
953 4977
2807 414
1489 3311
329 908
4087 2725
21 4831
761 2339
3236 805
801 2028
4827 2674
101 3395
3946 4129
3276 2327
2714 1777
3403 687
4791 2889
3101 4101
4021 4976
3013 2401
102 1261
2246 222
4131 1241
38 787
1089 1805
4078 2206
2111 4353
3145 4461
3467 973
924 81
4249 849
397 2862
1829 345
510 4005
961 1150
3630 1831
967 2701
89 3423
275 801
3597 3269
296 4500
2361 977
4761 1281
4880 531
2601 1881
2785 329
4667 4443
4297 4113
2017 3623
1641 101
1459 4097
1649 530
3814 2411
2881 3713
1679 2651
2419 2146
3541 3061
1964 3497
4305 343
54 3513
337 161
1409 4121
2080 3161
1545 2626
3193 735
441 4543
2096 2677
2204 3681
4156 1996
389 4224
805 163
49 3821
126 3596
2361 481
1414 1801
1059 770
3596 101
4437 2466
2461 2006
871 1571
4281 3914
4315 4105
557 4011
4736 1065
4781 2449
1 4993
2211 3276
3466 2001
415 578
1097 4104
1146 3421
192 915
789 4135
425 4961
4952 919
2705 1414
145 3101
3819 1146
3103 131
4152 1485
4175 3393
2953 1325
896 1489
1534 3901
749 3026
4771 2123
1749 1899
4361 42
3977 3521
303 3373
4055 1845
625 4013
4651 2447
4711 2194
2097 4201
379 4245
1158 2501
3461 4609
2852 1711
2763 2746
4413 3679
2553 4457
4829 4501
3521 2850
3626 2629
1505 575
1292 4090
959 1845
4099 4703
4782 2193
2369 2991
1465 13
2380 1595
255 2571
1713 2553
1423 691
1085 4814
1773 3515
4735 4151
1301 2778
4465 693
3895 1521
1773 1
4987 765
421 4106
3969 906
2985 1851
1195 2595
2856 4728
151 4423
1001 4353
1673 3253
2057 2673
3349 731
926 649
1996 2565
26 985
4897 4801
4585 715
421 4713
669 730
4491 419
679 345
847 1135
2118 2013
1136 1804
1009 2105
2835 550
3153 4509
4961 269
4065 3017
3026 3214
1102 1201
759 2525
3551 1041
2101 1961
3093 3665
484 3026
605 4686
3225 1737
3719 4341
811 1987
3721 2761
4969 3801
4897 2567
3561 3593
969 1446
3026 2041
3649 2113
4945 4358
396 51
3297 657
2946 2921
2059 4392
1681 3995
3365 212
4425 4473
3514 3397
3001 1468
1329 4616
4339 1487
1586 2697
757 1241
2937 4992
3801 1191
2075 301
1755 2106
1107 2305
21 2172
1297 3353
4706 2529
1579 2973
837 3713
3411 966
1347 4899
1181 1097
3487 2545
2721 1127
2082 461
1968 1657
2937 3051
67 2275
4191 4400
2973 1371
4761 4476
2185 4569
4347 3341
3897 3049
3839 1786
2405 3919
3615 2911
1176 3241
4019 3440
3151 756
1001 211
993 2151
1975 2663
3364 2215
3885 4821
338 2463
891 2281
3417 867
677 1744
1912 4613
1489 2701
3617 2017
3513 3366
4403 4731
538 2501
2927 1981
532 2874
3495 3011
2506 3614
1495 1630
4415 4241
867 3371
2923 182
2745 4325
3793 4097
1396 357
3403 3580
2135 146
4614 4661
2533 4499
4997 3623
1765 2992
4603 3195
675 1901
4041 2135
3322 196
3589 1549
2214 1541
361 2711
3321 3487
360 330
552 1113
4493 3371
2835 909
3535 4455
3721 4611
491 2735
2819 1712
1813 122
3989 4585
4214 2913
4481 4605
1027 31
3243 3009
3101 1343
4265 2961
2134 67
3840 4662
2183 37
4981 2259
471 817
3126 4175
4241 936
4701 432
2337 151
161 3581
2835 2135
3225 4217
2969 956
3516 1765
884 1687
427 3377
3355 2091
3661 2619
1489 4891
3371 3013
1831 4354
2185 4861
3501 366
4492 415
377 781
4673 750
2581 3097
1349 348
501 3401
2611 1645
3613 409
4283 4471
2970 1018
813 435
1926 4761
1767 3801
2393 3365
4094 261
3463 995
2691 3901
328 2887
827 3325
3803 1401
665 1509
393 4129
2671 468
3476 4956
1975 3284
4135 2623
121 3514
3541 2294
2276 1981
4651 685
4491 1045
2609 1624
4521 3162
3806 1363
961 266
3701 2833
3595 2553
901 77
1913 606
2861 2981
4881 4746
3271 2323
1329 3026
1321 2137
2329 2999
3355 4065
1339 397
911 3089
3135 1473
1164 1321
1785 2333
371 2737
4842 3001
3085 1131
1118 3001
4913 377
3754 4149
3989 1633
175 3848
1958 3341
1112 3647
224 1848
460 4019
1431 3764
3751 581
1171 3853
201 1335
4798 1417
4060 1177
991 4942
4537 839
3969 3999
4433 225
217 3573
3219 4201
501 2166
2333 2233
2717 4625
1346 297
3945 4801
3971 81
4386 4881
4603 569
4247 3191
3931 4502
4385 1529
473 1688
2752 1592
4706 3881
824 3969
1125 3615
4744 942
2381 641
4251 130
3737 263
1881 501
3353 2461
2146 4389
409 1337
1661 1556
1838 527
4581 4611
2775 643
2042 3033
1465 1213
2041 1921
4279 2561
707 2976
513 2388
1645 567
3038 3313
1830 703
766 3531
705 1876
3440 3707
189 4371
4808 2331
1539 2909
1295 641
1445 1801
149 61
1672 3817
121 2021
2418 2743
2473 1091
4491 449
321 2631
197 128
633 417
1849 3574
1171 2353
2757 2811
761 2489
3265 201
1732 2925
3325 4019
2245 1542
2151 2603
1214 55
2651 1377
2796 4953
175 61
2502 2242
1841 4903
3781 671
2226 4831
1782 2729
481 4351
751 4603
4379 3001
1407 2401
202 1052
1651 3051
4971 1941
2211 3996
1136 2311
1307 2210
3321 1561
1757 599
4231 1433
634 2049
3943 3195
4224 2483
3157 2578
1141 955
1244 1801
1111 1831
713 3632
2497 4816
176 1777
951 977
1351 3229
4271 785
245 4169
1406 3983
346 152
3651 491
923 793
1145 4386
261 4601
637 2921
2131 1191
897 1361
1873 1787
4536 1842
1069 4131
2241 3873
1587 2094
3386 1021
495 3139
1736 2972
385 3865
3846 4512
3383 1273
406 3634
4074 3897
3001 3456
3937 3741
601 281
4297 2417
2177 4016
4145 837
4795 1702
4043 2257
1025 2921
3381 3536
2919 2661
1657 3367
1825 17
3717 987
3025 3124
4501 4997
2245 2281
685 3881
1899 441
4865 184
3382 2241
2089 4294
263 1781
3043 4755
4561 1663
4689 289
3640 645
1587 2895
1347 4551
689 4101
2807 261
4707 2305
211 1123
1529 4897
3169 1289
2782 4528
1181 1032
3129 3490
2203 1907
3031 1695
487 3631
4101 1457
63 297
2481 4063
1901 3713
4381 2973
1978 2220
4351 4951
3881 2517
4969 2651
2142 3386
1655 4761
1191 401
4489 2057
1141 3841
2920 4773
1333 4070
4316 196
1421 1821
1425 3243
2900 1634
1889 552
3337 3967
3326 1791
2687 2221
441 2331
131 4933
4365 2001
3092 955
3583 1610
246 2041
3121 3225
617 4401
109 1331
2741 2411
321 4729
4068 1005
4682 4461
209 3921
549 2043
4099 1585
4462 4726
1880 1760
2841 865
3464 3866
2125 1153
2621 4438
441 905
751 4761
4835 2409
3601 2126
4689 1076
3937 1468
176 4949
707 1561
1485 351
3278 2777
4565 515
3601 3943
4541 2289
2361 3651
3384 3501
4369 783
1857 2741
4138 4956
633 2757
1363 4716
2608 304
326 2401
2258 3720
155 3337
2431 1752
1591 3336
1217 1776
2274 1783
1665 198
2376 4951
4642 3188
3999 1416
251 49
2845 3071
1327 1221
4845 3001
1440 3735
3393 2276
1371 4961
2445 2601
1222 3223
4371 4791
2726 2489
2177 433
689 3714
4791 4809
817 2285
453 2771
2335 2819
592 4340
1858 1446
1329 2215
1470 1669
4511 1783
3486 3297
2881 4003
411 1109
3251 1081
1249 3433
4352 2497
2608 3420
3457 2557
3862 3285
4406 4925
825 4762
2031 287
1262 2061
4013 2563
1443 111
1241 1093
3927 4673
2241 1428
3817 595
2801 4489
2251 3561
1161 3001
2683 2311
2580 1826
1247 3921
2683 4005
3930 2076
1539 321
341 4541
3162 1201
3952 2129
1213 4161
3309 2178
81 2305
2046 346
286 1897
41 215
3107 3068
3779 4289
2282 3198
2381 1566
761 3557
3907 4031
4511 4346
3369 207
4873 3175
2393 1873
673 513
2775 221
3707 329
1498 4609
1729 659
601 3961
3061 1423
2449 1053
881 3381
901 4747
4951 2481
4351 2036
153 4409
2937 661
705 4001
1831 2116
3873 1790
4801 321
2345 84
3717 650
2701 2003
3041 3889
4033 3301
4201 4338
1347 3309
2657 1536
72 1407
4842 4337
1437 1181
1375 2609
4461 321
3431 1345
1675 1958
3512 4631
101 641
2003 3017
437 4267
630 2001
906 2382
1508 769
841 2577
3617 1215
3713 3606
4881 4513
3991 4406
3691 4484
4307 138
4476 3301
1026 4385
2103 1241
1701 961
2336 3826
3311 1914
3801 3691
3569 4069
3775 4097
1524 2521
1193 2017
3272 2609
3956 101
4774 1111
443 1801
4291 2311
3035 431
1351 935
2601 3593
812 4468
4849 2096
243 86
841 70
543 2718
4721 2940
4543 2939
4074 3313
3103 51
2057 2497
2579 2665
555 1177
3046 3017
1961 3303
961 351
4936 3319
1089 321
4553 109
80 913
1550 3913
329 1417
4715 2251
3473 2485
2069 4800
2789 3321
2906 817
3441 761
4157 351
699 1806
2863 2581
2601 1249
4599 277
3785 2941
4217 4827
3491 4472
1766 871
298 4846
4397 2221
1013 1261
1726 600
1267 3761
115 3873
2513 3939
1302 3531
3317 4237
2113 4603
991 829
3939 4025
1633 3057
2701 2006
4585 4595
3169 4213
4571 391
3445 321
830 1541
417 3535
3575 2517
1951 4726
489 1434
853 4215
4997 401
1952 1945
332 2247
3677 1777
1323 3871
3995 588
861 2619
3701 43
1929 4092
1426 616
4291 2165
3591 3761
1118 153
3363 4163
2265 4917
4028 4863
2207 3343
3965 2881
1673 4193
1816 3073
567 805
3252 2376
2881 1609
2513 255
2083 3247
4009 4037
1742 4872
1155 886
2284 1995
1087 1696
2649 4959
1025 4410
1149 4755
3682 2072
3106 3445
4665 4128
371 3423
1625 2200
2433 125
1262 3451
4811 4253
4251 3600
710 2171
1851 2821
4576 886
169 2066
721 2361
1707 3681
1701 4208
1737 3194
3076 781
726 4851
4178 2297
3895 4595
2446 1720
1501 1
4481 772
3641 4077
2653 1911
3401 4667
1951 2581
2326 2425
2909 2499
3601 4183
3366 1804
2131 3154
3441 4905
1187 1837
685 295
3185 2357
2469 4241
1145 4217
4942 3091
4377 71
4714 2209
2513 1142
796 1797
2137 2221
925 817
1931 940
2003 1693
1281 3821
4156 2609
2245 2306
1371 3755
1611 1661
3291 4197
4381 4875
2545 3561
3289 4981
1169 4502
1791 4721
3860 2866
4034 882
2682 1121
1407 1521
2949 2685
3426 3817
2239 3135
4701 1081
3425 1401
4239 23
1061 1556
753 861
2531 929
166 2601
451 1001
4825 4245
1611 1001
4193 859
1547 1269
3359 3945
2201 777
2871 1541
2298 4665
4005 3681
1714 377
3958 2551
2857 2645
4307 1586
4353 346
2764 2961
2921 2801
3639 2929
2725 201
1429 1807
2281 1957
4095 3797
4017 2965
2389 1102
1449 2473
4294 411
4431 3501
2027 2790
2705 1885
1761 1706
1053 2702
695 2406
2221 1459
2865 2438
1631 4521
581 489
309 4809
1 3809
401 2715
3085 1726
4777 4162
3253 2255
1538 152
3045 3841
329 2777
2850 1455
3241 407
4023 4817
1841 694
506 2138
849 3756
4991 4416
4156 888
815 330
3926 4439
3433 4550
1961 1075
3639 2839
2662 3577
2211 3961
1418 1997
221 5
2155 4976
1377 1089
4689 2607
184 4033
2021 3468
3297 2865
3569 4884
3833 37
4651 4453
941 2318
1702 508
1554 3549
1189 51
4445 1841
736 3733
1877 3253
2438 4946
624 969
4091 555
520 919
4811 317
921 1441
4435 3601
1169 2890
4689 3351
237 1065
1895 4713
452 1353
4436 2906
2473 3721
1 223
2981 197
3145 1884
1033 3481
441 3341
2861 1409
2201 640
595 1479
1881 4169
538 2776
4611 2995
3441 335
4278 3211
2261 1799
645 4897
2165 3477
328 3316
4641 624
3661 1935
1393 3701
241 201
2569 1879
4989 4299
3969 2455
4136 1749
2723 1557
2378 1389
1703 2617
2969 4351
441 1822
665 2690
1739 4111
1525 3959
17 3508
4482 4875
4953 4518
4275 2413
2991 3417
1 2631
2610 3945
1159 4187
2401 1990
4676 1211
1062 2919
3585 171
4909 4288
1459 2875
2563 434
2371 4304
3491 939
2403 3073
2675 2896
4927 2104
3875 2023
616 21
1259 4893
1153 991
501 4719
1856 185
129 1375
1579 4993
3240 1240
1071 3549
2583 2133
2287 2009
4861 1709
3601 3447
1045 908
1417 4061
2805 4514
699 4633
3202 4025
3721 4140
631 4940
3783 4129
820 349
2171 2097
1962 4051
3535 2725
1449 1962
2949 2263
881 276
881 961
1719 4529
2081 4941
3239 3601
3918 525
945 4511
4633 905
3971 217
4802 3287
961 4281
1099 189
3119 4947
3979 4611
1839 2973
3046 2329
2273 2629
3771 3701
161 4969
2968 2015
2950 2706
3801 2001
1311 1805
3776 9
3939 371
3532 379
2269 1545
2657 4633
2969 4205
1517 2201
1769 3068
2829 3314
4193 93
1040 3919
3070 1049
873 873
3313 513
4079 2861
4805 2017
4460 1913
2109 3663
2367 1073
174 4201
3523 3607
3041 451
1793 1077
3624 3165
943 3385
4306 4813
2469 763
2553 1077
4132 2925
2161 21
1303 529
800 4805
2753 1601
1651 3101
3341 1691
2182 4625
2151 607
4073 4809
3626 4777
1001 4745
2483 2386
4524 861
768 1116
1566 2081
509 765
3427 673
1817 121
343 4791
276 1581
563 621
88 4641
1046 4591
3116 2474
1225 660
2341 957
501 1523
3033 435
569 1875
4151 988
160 2041
1444 489
4903 3061
2069 1141
4960 279
2441 4205
1621 689
2329 3261
4307 2513
1226 3456
3779 3089
609 2865
4567 1564
1701 4307
249 1506
3171 4670
821 556
905 3367
2425 361
3671 2784
4385 3467
4304 3511
2697 3151
1475 259
1 2754
1127 4881
4299 2803
1970 4475
921 2311
3661 3053
796 4433
3201 3931
2742 1957
1563 3933
983 113
4105 837
2778 1019
4737 1654
2297 1177
3105 4272
1370 77
3305 4597
4456 4651
4637 3601
258 566
716 4439
4881 4925
1529 3977
2321 2248
4461 4851
4341 625
3901 2998
273 801
4349 2231
3691 1679
3021 3741
2473 2117
1121 2901
3912 681
3601 1844
2277 2553
965 2041
2272 588
995 4366
4245 3864
4101 756
1195 665
4769 4143
3569 1856
2337 391
2377 699
176 341
2257 4795
2867 1281
927 4493
345 277
2889 2586
3531 2289
1301 3606
2639 3929
1121 3366
2641 4462
2607 2064
4409 1966
1378 1032
3099 4273
4192 2600
939 1963
4773 711
456 2657
3863 4161
3309 4385
4915 986
1185 3201
2796 4897
2529 2692
3253 687
4509 4009
595 3609
386 2105
3632 1997
2430 4575
4137 2632
2557 170
38 1373
3723 4280
4613 4685
3833 1321
3601 1649
2097 777
3344 4051
3510 1971
3920 1081
4049 3771
2663 4639
500 876
2863 1606
3207 3755
1241 4505
1342 1799
689 1984
1327 391
3093 1866
3722 2402
135 1230
3418 3981
3403 2167
4669 4911
4358 177
2615 4896
3753 2621
1243 3453
1680 2361
1302 3031
3073 3744
1 2761
3229 2736
1101 2579
220 1564
3776 2504
1141 2812
4609 3501
4573 389
4312 2997
1945 201
4289 353
4689 3986
2925 103
4251 2766
4801 173
2376 1007
1162 2751
3281 4761
777 4845
3457 3501
2224 1105
4731 2458
4601 2179
1947 4068
345 4464
861 2417
4855 401
1669 269
3927 2096
2568 541
2657 3735
4006 1081
4376 1821
2581 3312
1849 2355
65 1896
3895 4321
3451 4965
3101 2110
697 3305
2708 4291
1823 4998
365 2071
2203 785
2545 4471
1740 1073
4061 1729
1654 2061
3321 2211
3691 2909
4476 3582
441 749
770 4681
3376 3451
2646 2101
1377 1176
3680 580
3446 2751
3354 2806
3022 2921
1609 3634
165 1201
377 1584
493 2115
3905 3185
56 2417
3733 4267
2046 4196
307 4334
4386 1015
273 3999
908 686
2601 1369
3259 875
4481 975
625 3369
988 733
703 4493
388 2101
101 3485
4372 1521
2625 4309
211 1831
2657 123
2505 1701
1203 1001
3637 2465
3971 2449
3921 2213
2142 2251
1061 2502
321 3916
1541 640
1507 4673
4655 1630
2309 4182
1433 4306
670 2462
4737 1501
421 2581
4269 581
4937 3981
2344 2398
4861 1658
1901 861
1721 2094
3401 285
2174 4701
4221 1193
3770 4703
2896 4311
849 2045
469 611
1988 2627
1955 4106
2756 1343
4330 2975
3617 1568
4027 2084
2920 101
4212 1639
1801 3292
2301 3737
2125 2046
1731 551
2241 2017
791 3541
4626 1073
2841 1653
3307 213
1460 3249
3501 2501
2425 4299
2285 509
1935 821
417 2241
3176 3961
209 600
3121 495
3697 3461
3867 4548
87 2351
513 3054
4441 1186
2545 4047
634 3466
2769 4765
4986 4811
4126 3661
871 1260
3697 150
4421 2002
4786 3721
665 2737
2191 4198
753 1265
239 4559
4257 3843
997 1071
2523 3594
3147 2335
115 732
281 3537
4921 2402
1477 351
2001 4106
1544 3913
2594 2041
1517 1690
2095 1821
1409 4120
961 665
4061 1741
885 3253
3863 2009
3371 2541
3721 3601
583 3108
3241 3426
4365 117
1401 3577
1009 2563
161 3626
2545 2751
1179 2517
971 949
3841 4426
1454 575
3836 1689
2626 4948
274 4701
3869 861
3874 805
352 1901
4405 55
2093 1620
925 3201
1497 2396
1264 1284
1307 3761
2565 3632
1745 89
65 1265
3400 1613
1962 4481
3885 1223
3750 957
3025 761
2001 4809
1001 2359
1113 811
1841 759
4569 2541
2141 4917
4481 3648
2832 717
4743 2171
4561 3385
2091 1607
1475 2917
113 1701
2513 957
1385 4193
3681 1507
1433 3548
3622 2595
2339 3547
3566 4261
3027 1048
3960 4600
3262 2511
4701 2929
2942 3323
1886 2429
1321 3336
4929 1938
1131 4429
921 2661
4721 3993
429 4360
3849 4507
3297 3521
4001 579
2275 1910
4127 2062
3689 1326
4137 273
941 1669
785 1109
626 3866
2971 643
647 3651
449 2953
683 577
4769 251
3055 1125
2687 186
2552 4473
4976 3681
3281 4296
3076 4488
2692 1411
4959 1601
3693 4881
3577 504
1518 4646
2015 1291
962 1596
4889 2222
2641 2644
227 2131
1350 4533
441 4442
3677 3183
1501 3234
2068 2321
2379 1961
2265 3571
685 2981
1458 3732
1961 1357
4361 401
1227 3121
4151 1113
2501 4489
2273 3039
1314 4978
4845 2601
285 3929
3165 3851
1300 2985
2897 1
2593 1351
3257 3401
1 2899
1958 954
231 1
2961 2577
1781 3119
324 1747
3777 3245
2636 4351
1471 2387
1561 896
785 1233
454 1483
841 556
4679 1858
1714 2110
4593 4651
355 2721
3481 2401
1452 4941
1687 1781
1504 2101
3336 2594
1957 825
2033 3001
837 1631
3109 2205
2937 4490
2591 1683
3565 628
2539 1449
3465 59
2980 1713
1261 391
993 4650
4544 2553
2338 2673
1331 4977
3332 3551
781 3897
4549 1566
729 261
623 3608
4973 2261
1781 2781
201 3211
623 949
914 1881
4556 3923
2316 181
3572 4355
2687 696
2147 3568
3426 3348
4749 909
4781 1961
391 1471
73 1757
4081 4291
4361 11
729 2121
1251 4195
1645 2051
4200 4991
3271 751
3103 4193
1566 3729
4786 569
311 4875
1746 3621
1199 1432
1935 3221
1811 3316
457 3816
2009 578
1801 957
2843 2093
4241 3413
4742 1597
1559 1119
4961 416
153 1417
1497 2116
14 2729
4547 3141
339 4866
4975 4653
4673 4101
1223 3581
365 4025
3121 289
3989 1563
217 4230
4384 2411
1928 4486
4994 3431
1185 493
504 1938
576 2077
3161 4465
914 1137
2598 1019
3033 211
1453 1835
2075 1281
1951 551
409 415
4476 3011
1721 4977
701 3545
3751 2857
4791 4073
4382 3517
57 3068
2376 1073
3976 3781
3393 4005
2013 1929
3726 2332
3501 4301
1994 493
2681 1926
4847 1481
928 1305
136 2833
2669 1379
745 1969
1668 2457
1410 4729
530 3696
1833 581
4531 1141
1211 3531
33 4318
2372 4187
2449 1349
3697 1729
3321 1339
729 1535
2591 1193
2893 3470
2149 3078
37 1439
1609 4061
3937 1625
1492 4973
23 3551
3849 1713
925 1801
3659 557
191 1331
4705 2633
4105 4383
906 976
426 33
3478 4175
695 4893
2697 2493
626 3583
2471 2136
1431 1261
3596 4066
376 1157
3751 4794
4536 4881
2081 3681
1829 1853
2709 2176
2851 535
1247 2793
3537 60
1661 643
3345 281
2351 2017
751 823
4537 2189
4117 1791
3333 4103
4173 4040
2051 3235
141 865
4298 1945
4889 2505
3971 3521
2261 1881
3326 2358
2301 1
337 1801
98 3248
2488 911
3493 3521
251 1885
4715 965
3169 4729
876 4381
177 1577
286 1729
851 2361
4001 3841
3861 4576
3061 4881
2761 4603
3913 121
4641 103
3130 2669
1871 3793
577 1572
1561 4703
2135 1624
4236 2393
1889 2249
4971 2481
1989 1977
2101 4217
3381 4181
823 4606
1974 2008
3021 611
2346 2596
2928 3509
2081 4475
1141 674
785 4847
3055 1729
1390 4796
1275 4778
4391 3321
873 869
4111 3875
1423 3913
1610 2933
249 4901
3316 3625
1393 3825
801 2796
2685 4133
1931 631
1033 3001
4341 1101
2379 3401
2551 3901
1813 2456
4781 4139
4649 2999
1861 4641
3176 339
3477 791
2154 4085
2801 3451
1233 1618
1077 2791
4566 3251
4701 2716
4981 2115
890 1693
441 2360
2327 509
3711 2641
1366 2481
830 4404
2952 2688
641 1
3461 1264
1647 2616
1137 3485
4151 233
2903 1961
43 4351
4629 150
1091 557
4857 4761
4049 261
1987 1021
2289 2451
4632 2201
3836 2526
3271 1825
2073 2063
4747 4181
508 2896
930 3701
4593 2119
2092 2501
1069 2715
389 2761
65 4297
3318 3194
433 4669
3566 386
4065 4441
3482 1693
458 1207
639 4281
2351 3510
2001 3013
761 4010
2603 3941
3458 1761
4577 3314
4615 4613
4739 932
4276 441
1 2546
3309 4829
1639 1137
3934 429
1972 4098
4159 2245
4311 1259
4253 2962
3999 4797
1371 1521
3171 2461
3366 98
3461 31
3359 4157
725 3138
4751 4749
407 4617
4786 1425
901 2745
2236 2159
3360 4121
1401 4821
4446 2962
2327 356
2723 2169
2667 426
1251 2025
4251 429
4871 1175
3241 1813
4551 3937
497 2361
4076 1995
1621 621
1397 501
1257 4025
4053 4481
4020 2939
1080 4495
941 3306
3601 4100
4917 4252
1413 3352
1417 2331
43 3419
1146 4001
3161 3140
2594 3321
736 2926
36 1777
576 4813
1501 2275
4426 2613
4481 3197
1971 441
51 2405
4041 141
1133 261
4280 4885
4299 4945
4449 1431
1498 1884
3505 2605
4196 4891
2833 1981
3320 1179
4136 2897
755 3072
1749 1283
4379 4501
498 3386
4874 4233
922 430
1196 17
3905 476
2041 1889
2717 1401
301 3465
3744 4571
3521 4826
2007 4161
2505 4315
2021 2297
1909 2626
3109 485
3915 4861
1315 767
1004 623
2833 4713
2040 2817
3617 433
3151 2151
4615 1448
1587 377
2225 176
3764 2661
453 2822
4996 671
965 965
141 2291
2226 4653
751 1267
4707 3985
1432 181
3553 496
4376 4261
3791 4115
3761 2079
1213 3389
1945 751
4484 3210
2016 551
1351 177
1965 1367
4034 4491
4337 2441
2278 4419
1817 1328
3450 3325
4579 4137
2660 3433
3663 4869
1828 4546
4776 2751
3675 1059
2269 97
3951 958
41 3605
1278 3137
4665 1166
1877 2435
3694 921
3865 4996
1606 355
3563 3673
3582 761
3925 4091
545 2851
1452 1796
3688 3245
281 801
3071 2993
1449 599
4095 2203
833 785
2931 1581
3253 56
249 4497
3685 3018
636 4733
4561 1421
1551 4801
2896 3073
729 2575
1891 4324
2567 1801
1669 1308
1931 3314
3185 3670
2351 1645
3076 4906
4821 1173
2587 1581
3905 4725
4901 3217
2540 2831
1053 203
2599 2771
2821 3165
4301 4008
4476 2773
4639 1329
3106 3650
572 3134
1821 680
3221 4351
1356 18
2601 3665
4707 177
1308 269
3577 4677
2225 2011
85 3401
4009 3301
141 421
80 4269
2625 4241
3059 351
2796 3261
3601 3595
3745 3876
4259 3099
1461 1435
884 2600
143 925
161 1567
4560 3758
913 1202
601 2219
231 2095
1092 4518
1541 3479
3219 3044
3661 1806
2368 4334
4841 1251
4811 1575
2913 4361
2517 1314
777 2356
3595 1657
2793 4421
1746 4274
273 4158
1735 517
2321 1011
118 41
3501 2281
4101 2001
2361 959
3645 3597
603 172
1565 2191
581 1688
2802 853
2275 4451
2468 4441
1985 4195
41 3675
1625 3201
2243 2511
3521 251
4811 3565
593 4209
2465 1579
3047 4453
4405 2181
2261 62
3023 3092
1833 3183
3683 2837
86 4377
4421 4969
1725 1251
3487 944
4472 2106
1407 241
1507 1951
2553 585
4699 351
3267 2129
3872 249
3705 401
189 2191
3147 4741
3931 2125
3817 4612
1158 1048
3851 1141
4680 2009
4824 2445
1626 4797
1065 3301
2985 4593
4637 4423
2501 1586
4586 1558
1803 2791
1177 1010
3416 4985
4025 3571
3973 1577
4121 951
1300 4025
4136 4106
3449 1235
155 3453
751 2641
2044 1300
1406 2396
811 1565
266 810
3525 1833
3643 981
4576 4769
3631 3140
1281 3949
4354 99
3923 505
3383 4349
641 2561
4655 3002
2409 4699
1817 1521
2130 4081
65 2132
2489 1457
523 4256
836 3821
2707 4113
25 3459
2481 459
3791 4701
217 4806
1024 1997
3447 4881
853 1871
2257 3861
544 477
4387 4216
2294 3385
2243 4027
115 4581
6 4793
1539 3253
1876 2095
4629 2057
3113 4777
1481 1256
2602 4681
1201 2026
3223 4791
1781 2401
3077 1589
507 2471
4889 3917
2449 1046
121 2976
75 361
4689 4165
2703 1365
1886 4767
2100 1123
4665 4716
66 657
2577 4601
4911 4566
1490 139
3477 807
425 2481
4086 2201
3520 4839
4046 4469
2897 2801
4842 3891
1875 2332
1894 676
3149 2887
2781 929
3937 3649
4865 3626
4981 229
4986 2261
4279 1299
2591 569
2653 2580
1350 3283
33 91
1721 1205
3414 3701
2127 3017
3973 1631
2490 110
4985 1097
4389 4953
3311 571
2429 1073
1351 3641
522 3877
3376 3152
537 3661
591 223
4681 1719
39 1681
4287 2943
4936 2985
2075 1046
997 576
4793 2241
4496 4929
1181 3065
1877 3627
4888 3304
1807 1428
1209 3605
351 1563
155 4201
3945 4546
3961 3426
577 401
1001 2265
4220 4796
41 4103
1597 174
281 2597
1606 2015
4817 1175
2121 2441
1248 951
3893 1479
3046 1163
4225 2881
2441 875
4704 2505
4715 113
4089 2753
3791 3921
873 4256
4618 3453
3293 3587
3147 2579
3200 1199
4265 2017
3649 2833
386 1501
4709 1756
1489 4581
2141 4964
996 1961
3695 3575
4448 2951
281 4065
1252 857
3609 2089
685 1181
1436 1297
808 1273
397 2931
261 1227
3685 2189
3786 2088
1532 606
1850 1153
4864 2445
3071 3265
3065 1090
3141 635
2506 4105
4621 981
4338 2545
2146 3764
4606 3401
689 647
321 308
1801 3601
4818 1070
665 2555
4757 4521
4606 3401
1065 445
697 2881
2895 3201
4069 2505
109 4361
2001 4231
4497 1876
3276 1489
2133 1786
353 3269
3941 2797
3001 4361
1863 2392
701 2453
2476 3299
1269 4921
4401 640
2693 506
1713 3855
281 3673
2771 2597
2193 2075
4883 2786
1323 2525
1619 2051
4426 595
3971 2021
1396 4101
227 2577
1373 4779
4793 2179
2625 3991
2821 361
1849 1965
2961 4183
2776 4529
552 1657
2471 3720
3653 2357
759 4067
1625 4321
1518 4185
2296 4311
2991 641
1423 3056
401 629
1374 2718
2921 3175
3230 2903
4242 1401
2002 4411
2817 4971
686 4065
4721 2413
526 2679
4414 800
4467 3808
1671 2075
3033 1294
4701 2619
1639 4161
2539 3222
3123 473
4197 3719
1741 3321
171 4112
3979 4161
580 2605
2300 377
1804 1187
4531 3759
3816 4003
1429 1291
901 4873
2901 679
716 4241
1033 2095
3530 3851
1289 2049
549 3489
4535 1567
2505 3617
3537 155
2761 1175
2665 1821
2007 1301
1437 986
746 4390
2243 700
1273 3485
4143 2649
871 3657
4241 4211
1307 783
2301 3077
1933 3650
2326 2401
3713 1801
447 2271
1609 4272
2673 4863
3280 4924
3089 2977
4081 172
1852 2989
561 2371
4419 2523
1149 1783
2073 2821
1582 2246
2541 3579
1381 2109
3613 1637
4870 601
4665 3978
321 1513
4649 1353
1121 3671
2766 3734
2299 3143
1211 4776
3541 1793
3622 2809
4551 1943
2001 1271
177 629
1881 389
1056 4783
4867 715
1031 985
2532 8
4355 4041
4415 1947
1696 3307
4201 1263
4890 2185
103 1959
4027 41
3683 2599
3857 897
465 4163
666 376
2793 4315
1305 3447
4453 3328
1061 100
3883 3553
575 3855
241 2981
3141 4026
469 3216
1491 3967
4066 313
1895 4609
1635 3575
4526 2526
2615 1281
1601 4091
3423 2918
2101 23
2723 799
3429 2639
4585 578
4951 3461
2401 4243
4051 2663
2819 451
3299 2992
2193 1469
4701 1562
129 1785
398 4371
4397 4961
3597 2405
2633 4130
2680 4392
2081 602
4859 4727
2793 489
2953 1538
2035 2425
4729 3711
3921 2421
3561 553
4775 1702
3865 4821
4023 3049
1809 3245
595 2001
1317 782
4741 3149
4529 2557
3528 1329
2412 261
1034 4343
201 1484
2245 626
4899 2110
2061 3491
1629 3451
2551 2997
1076 1087
4051 651
2045 4983
3721 4716
2205 330
1304 2621
2081 655
3151 2169
1750 4865
1327 1846
11 1221
3759 798
4876 3097
1625 1721
1813 188
1132 529
3835 215
4545 545
3745 1804
1585 4761
2653 3432
4595 306
2481 2686
4525 3269
1288 4641
2699 4521
1119 269
1063 1990
4476 716
1971 2471
3166 2031
1141 4197
1115 587
2575 3457
4447 3216
3562 635
1466 1241
286 2086
2654 965
4417 997
3745 529
1901 4235
500 2228
206 4293
1313 1851
4569 4665
3696 3596
4043 4292
1741 773
613 3993
235 4149
1154 2121
429 2823
936 4161
1257 3101
1576 3509
713 3653
3993 1151
2081 4251
2001 1996
2805 2611
1081 2887
761 2801
447 136
601 4341
3577 4113
4821 3281
773 1505
2252 536
1151 3697
3067 3171
3695 3989
4589 2289
4441 1505
4841 4496
4845 2056
3701 2417
3926 2685
3895 2333
3741 2745
4222 2898
641 1086
4426 4859
3583 4056
153 3309
1941 3335
617 71
4305 267
2605 3129
409 369
3460 833
3916 861
3008 2676
3141 4873
1129 4908
3239 2451
876 3947
2051 4912
196 2703
3445 4276
1897 2881
1436 3991
2493 1430
1815 3711
1851 441
2581 2226
1153 2301
2543 1455
3211 3985
2016 2405
3381 4647
319 857
3409 4321
4970 1417
4825 3101
2230 953
4091 865
3385 3801
3497 4306
2621 855
2300 3653
3817 4105
3197 4601
2178 4643
4613 3599
1961 806
3145 1401
3317 4323
3769 3021
4427 3444
457 4887
3426 3453
2206 4261
4121 2069
4762 4499
2701 3038
4733 642
1731 71
1542 3883
377 3101
1833 1830
3719 1457
2376 1497
4213 2341
321 3842
3961 3823
4027 4026
1154 4401
1801 1985
1741 2606
1796 2151
3601 4195
1245 773
3707 3851
595 3283
4807 2503
2867 4821
4765 4681
1501 1633
4621 3226
4157 179
2701 1175
2494 2785
2841 3886
4691 2175
3131 4818
519 1911
3993 3866
4334 4399
661 4387
1952 3681
1545 1097
3386 285
4241 2769
1265 4611
3057 4938
1389 1377
3721 2643
806 1241
