5000
3779 1451
3300 2200
1294 2933
3560 1363
2639 2889
765 2105
3547 726
201 1713
3279 1001
4817 4516
2351 4961
1203 719
1701 2802
1946 2790
1348 1837
593 721
3976 3217
2057 3701
699 1101
4572 737
877 3178
665 4400
2986 4417
246 1795
2389 631
2472 4417
4955 2341
4574 4151
1369 3265
1045 2687
2151 843
591 3863
252 1791
2477 3030
532 4927
4625 636
501 358
185 3534
2111 2477
3858 454
530 2515
3601 4721
1843 3001
1909 1501
4646 3875
4251 2793
3368 4461
207 4273
3827 3481
2436 3411
713 4751
2291 4291
4289 2485
4721 2161
1649 513
1985 1321
4661 33
2748 1795
700 2173
2193 2221
553 3409
4206 21
1991 886
776 3937
4039 4012
1237 4745
97 4392
4955 4357
529 939
1523 1301
2263 3759
2999 4561
2632 245
3973 2785
1857 3249
1647 258
275 716
2081 3191
1851 1
4985 3601
3860 114
3791 1491
378 4902
3359 2675
4001 4393
1941 3913
2849 1039
3169 1619
4057 1691
3658 4053
2546 2360
3151 588
2137 3756
1537 3479
4317 135
2085 4
906 3331
4851 4167
1337 4676
4881 3516
3864 3076
4871 2555
2422 990
1458 3231
3549 37
3670 2361
3711 3861
1723 1467
1926 2678
76 251
881 4796
3361 912
833 305
2975 3196
3078 1935
4401 2177
3711 3681
4361 1738
2803 4020
1111 3273
2388 4924
1489 1600
2065 2035
1097 209
4506 201
681 4990
3521 2921
4881 2852
1461 4643
1521 4033
3525 4521
3857 77
2240 4105
3145 453
4506 1887
1825 151
4837 39
4095 1597
2495 4369
1936 245
1632 4697
37 3185
683 1458
3093 226
2173 401
1703 363
2800 1471
677 1455
4512 507
1659 73
4257 1340
1433 3642
1671 4577
1833 2601
4218 2081
2193 1356
1091 4526
3683 4046
3061 997
3889 1261
48 4586
4109 3507
485 3973
400 3841
4645 2649
3800 769
1567 2117
277 3035
501 4601
4587 2344
2745 3881
59 2066
4507 4313
3201 1619
4061 3575
4409 1111
333 2983
2871 2624
3905 1401
1821 1137
2005 2155
3555 3806
857 1648
476 4103
2749 4581
4222 4101
101 2941
4371 3626
3901 1259
2801 663
4281 993
3478 4073
901 2713
2167 1984
3552 1365
1149 771
2076 4502
1425 334
4233 103
2371 1053
2816 3381
469 4381
2057 35
3702 3361
3891 25
3189 2561
2113 4331
2405 1591
3411 4828
2906 3620
1623 2371
2553 3788
3062 2092
4110 781
712 376
1036 4849
3611 445
4321 2843
2537 506
3373 1633
3426 1146
2781 141
1565 3101
2979 1191
17 1967
4727 2317
913 1781
647 2069
732 21
2421 1528
2551 3761
4861 294
2213 2951
1241 321
4799 1033
4329 4623
2119 761
2476 1238
2229 4033
1065 419
1109 4241
2729 4081
991 3576
2301 4878
3193 21
2283 4401
2021 1041
4933 4464
4870 961
429 885
3545 3264
1475 2529
43 851
1453 2244
1495 4113
2827 1121
1401 633
4604 2576
3466 1825
4571 2096
4001 2876
2231 2371
649 4185
4002 1787
3410 3237
4410 621
55 2802
2606 1217
601 3736
4611 2837
4673 2057
1153 2161
3453 293
105 138
4191 499
633 2657
4992 746
2153 2228
2548 3038
2641 2305
1147 3218
3851 1649
2289 4936
1246 4001
4391 3719
189 3095
4634 3099
3503 1001
1671 4076
2993 1883
1561 3868
697 4871
367 375
2749 1861
3169 1493
3713 1013
1032 748
1077 1361
2024 1472
3121 2753
4221 3308
1249 2307
2865 3873
526 4372
2701 2678
4824 3981
3877 589
1535 1826
4031 3941
2373 1225
1041 1498
433 996
3989 71
497 3322
2113 4426
3115 4044
3109 4177
3201 584
3951 689
3729 761
1853 4977
4622 4231
2645 1182
377 1483
2081 3273
2211 1287
3814 568
1832 701
2657 3679
3106 2621
255 4369
951 2457
3829 3913
2805 2451
2141 3657
1823 4917
2526 862
1381 3303
4689 1401
544 2407
2277 3813
4845 3330
1037 1172
1609 3331
3811 4951
3245 2122
1965 3579
3084 561
2721 1909
251 2005
4205 6
2925 2365
3241 1478
797 1719
2481 3179
3531 4061
4266 4349
3465 814
1701 1488
1127 4121
2257 3451
3061 2713
2711 2162
1113 2809
2351 128
341 4001
2187 4469
1035 3591
3463 3505
3511 769
4251 1701
4553 254
2299 413
3287 888
2949 2576
4468 4738
3673 3384
1530 3385
3805 2430
1810 4097
4623 4501
937 4101
3825 2603
277 3553
385 1670
3557 2541
2529 1855
1068 1443
2349 2659
4481 3171
3443 1891
1239 2394
1541 4813
1655 1090
365 2006
3208 23
1745 1770
4605 954
4875 1795
1085 3545
1085 4501
3929 1958
641 645
2793 2425
877 1637
4808 921
1093 441
1807 4535
3631 116
3149 2431
1533 3261
2250 1737
2353 3538
3169 1207
2845 2024
3201 4346
1028 3745
996 1674
3272 401
235 1169
3227 613
1717 1
1309 1214
4776 4306
4381 25
3309 1051
1422 2376
987 4003
1145 241
1337 2001
140 1053
484 308
1321 2177
182 2841
2625 2278
3242 2431
4441 1066
2717 4121
4846 3873
2421 4357
2175 4457
321 3656
193 3559
247 3961
3094 2114
1651 1202
3704 3911
1121 1805
2020 1626
1511 4301
4441 4085
4233 299
4263 1293
3552 1241
875 3849
2971 901
4641 2333
879 1225
2319 765
4965 2313
3717 281
3859 181
2670 3591
3582 4137
3355 4401
2913 4718
4097 1721
4086 4881
795 1179
3709 1057
468 3699
3877 2601
2141 2512
2235 1633
3247 1999
3603 4265
3419 2225
3721 2113
1497 1062
3295 555
2739 2612
2209 457
4507 929
3161 1900
1315 257
4053 1967
3732 936
4185 1507
3264 2279
3443 2241
1105 2713
846 341
2425 2503
4913 3991
3785 4469
2508 4888
4745 2108
4481 4281
91 2561
3001 3347
3461 153
4389 3721
2131 2361
1507 1291
961 3001
1681 1156
2886 873
329 669
2601 3558
249 1509
3447 4638
4909 3777
161 3893
4941 3616
4106 1019
4969 4447
2755 4306
3847 4656
3851 3519
1887 1746
1893 1721
2199 527
876 782
173 2087
3161 4297
1285 4071
2413 2572
1800 4001
2841 619
4721 2931
2661 973
4161 1405
1621 4726
4291 1961
161 569
852 2860
3427 3621
3825 4232
711 3224
2765 3417
4699 1811
2921 739
971 609
4207 121
3377 4222
2566 57
4519 4721
2137 1721
3692 2260
3169 3449
4417 4233
1717 3991
1537 3348
3885 4833
4118 2411
3501 3701
1376 4855
1884 2469
3431 2662
3994 485
3805 733
4821 4623
1669 1568
3891 1581
2531 4142
3612 4083
4849 3993
2138 438
4446 3709
4125 3562
3937 3201
4447 3537
997 4462
1107 11
2061 3992
1034 4013
4028 2521
267 3673
576 3150
1705 4385
809 2411
2649 1122
1659 881
4881 107
2886 1111
1919 2665
1217 4947
4156 4711
1273 801
3761 3569
1521 1345
791 1929
2205 1618
418 849
4072 2505
2291 3226
471 4031
35 2952
852 833
1951 2921
649 889
4665 1776
14 674
1081 3641
2123 1405
4657 2857
3491 2026
4312 2591
1717 1217
3521 3818
555 851
3014 2831
4442 2095
781 1561
3013 4921
854 1766
1537 4395
2961 132
741 175
1921 1674
3701 839
1507 1341
3157 4619
989 1865
2765 3441
2679 4765
3821 3170
171 3349
1857 3109
1385 4425
2921 697
4191 3050
856 501
2921 225
4721 2758
3595 1465
1457 1729
3395 4432
3636 23
3636 3664
3173 1481
1804 261
997 3449
4633 3740
3669 224
1900 1640
2918 3977
4809 4029
3433 1553
3935 2029
3967 3125
701 1338
4621 889
4717 1033
945 489
2699 1268
3745 1919
4050 2016
441 941
2341 253
153 1601
649 3419
217 2101
849 2201
4357 251
509 4661
2337 1973
1009 3039
4050 4267
4871 574
916 3731
3657 3753
2301 4877
4481 3899
1867 1121
1759 667
461 2457
2684 1976
3393 4179
1127 3454
4649 2905
4547 2828
4652 261
2851 3162
2609 2822
2917 4233
1597 4557
4381 2341
1865 186
1276 1945
1783 3584
3931 3481
3352 4471
2537 1257
2313 3015
3129 3259
1425 81
3815 3633
307 4679
2129 4386
1239 4405
4296 2135
2721 3541
531 71
3251 2931
101 3817
3155 4115
4361 471
905 2402
3013 1177
3487 2369
4101 4601
761 41
4501 628
2546 2699
550 2147
3712 3724
819 3341
2505 3870
1141 2144
3231 249
1123 2723
1752 731
1035 2915
401 713
2415 784
4261 2613
1465 3140
321 4187
2849 861
68 1720
1539 2983
2010 4126
3321 1851
2706 3805
4244 3036
4241 449
2791 2268
441 321
19 3801
2648 548
4641 2009
81 2149
1350 2563
4467 3241
4341 2115
3541 1997
3541 278
1465 1105
2629 457
2882 4833
4583 4886
1361 825
3157 3041
1103 1425
4315 4901
4525 3426
4475 1821
3012 2681
213 3081
3961 2501
2433 3686
3266 4774
3697 2202
4039 121
2585 2553
3161 893
57 2355
911 3823
4001 3979
4751 941
3097 3911
1230 1057
2601 929
3877 1473
4671 3381
3544 2571
2369 244
4913 4673
2469 1626
2155 4784
2801 3132
2091 4153
3018 4061
526 4653
4101 3518
4421 2101
4251 3079
4799 2158
2017 1277
1693 3721
706 1761
1937 4784
4253 649
1707 438
871 3797
1603 1192
4021 3719
1641 2271
1801 4654
2943 984
181 2237
4513 2573
4675 4804
4771 4363
3426 965
4214 3718
2598 2707
3673 4633
2184 3340
3707 1309
1084 3244
4151 4430
4638 4041
3873 1938
4099 1723
3876 483
373 4099
4867 3616
4793 1005
1851 2331
1724 3821
25 2865
713 3083
3351 4261
4696 4689
1951 4746
4151 2809
985 1633
1096 1136
2116 4712
329 1603
2901 377
4053 2984
3251 2176
1475 4059
3193 2505
1757 1919
3816 3176
4298 4729
2951 1693
3710 109
4464 1559
4712 4847
876 4681
3686 2459
4713 441
4833 1233
715 3541
4211 3799
1917 1162
1898 1451
4071 3611
316 2369
241 3079
1496 2078
1928 1510
581 4373
2702 3261
17 2041
4937 4409
1737 1353
476 2461
2133 3500
3171 3849
1161 1601
4377 542
4069 3901
547 3054
4939 1121
4845 2101
4853 4225
3513 248
1257 1221
1389 673
281 1343
3393 2421
1949 3657
803 121
2861 4601
130 3037
1359 2609
1750 49
2309 446
4451 957
4321 4546
3685 2942
2481 1551
1823 402
91 1970
1847 4332
3601 4668
1641 2143
4246 4246
2273 2261
971 1441
677 2151
1781 3305
1993 661
1876 3391
4747 4936
1043 2228
2721 2414
2121 3089
4761 691
4177 3377
2274 2812
4425 175
2775 2273
166 4612
1048 3728
846 2837
962 3078
4957 2441
2815 1061
1831 3541
675 2311
2598 4973
1323 231
417 4551
1277 4243
483 981
4875 218
2763 1481
1225 4434
814 2705
3505 1561
4681 165
1543 193
2011 1640
501 4177
666 662
1644 2655
881 1677
2325 2391
4813 313
3798 1361
983 3833
3411 3001
1775 2435
1254 4577
4792 2611
1777 3053
3585 2148
321 2121
4369 4007
1755 3637
4732 2131
1657 2965
4551 89
2525 1
1001 1773
4635 733
1319 3557
4486 98
3049 3581
1731 2531
918 3965
4587 4697
2886 3977
4260 149
3716 3265
683 630
2426 3316
3785 2574
1477 531
2465 40
4902 3421
137 2821
1977 4736
349 3273
1351 1047
3389 2344
4460 2633
670 4752
2426 3876
4065 293
4957 1307
3448 2635
150 1520
451 4073
1532 1518
397 3511
1208 2107
2953 3233
986 4384
1785 3671
1951 1645
2841 2233
2889 658
2301 3885
2451 3247
1686 3437
3321 3661
3779 2745
1702 749
1729 2507
781 2573
4255 2600
2497 17
917 4163
176 4911
691 4016
555 1697
3678 98
2033 2156
2221 2671
560 1569
4387 2845
901 4361
2541 1636
2079 1501
3031 2684
3301 1309
2921 1
1343 3364
1373 3206
4131 1113
4033 709
2687 2746
1136 2211
26 2280
2895 2435
3291 3929
821 2143
4574 3831
4227 450
3111 2999
4597 911
3537 189
1705 4243
4185 3751
789 2201
2221 4756
3513 3453
3651 3821
2013 2529
3901 1951
2619 273
3063 549
3819 2851
1881 4386
2671 3926
2797 2599
3341 3209
3977 1097
4683 2203
2136 3513
2111 4953
1085 4111
3134 2819
791 2353
1249 562
757 849
945 645
3121 4301
4021 4521
4328 4645
2817 361
4001 1401
2196 3525
2282 1696
2650 3859
3898 1189
589 3371
4804 473
39 2416
2754 1765
4012 1515
3202 950
830 551
4401 3926
1291 3184
29 1182
3071 3117
2229 4520
2837 3846
4181 3665
4216 2861
4769 4881
366 4439
4097 4906
321 2601
4826 2997
3512 817
1872 4577
1152 1233
3999 2510
3705 4200
1941 128
1048 3799
3721 3557
1601 441
4908 17
709 1851
2396 1377
2469 496
1653 4061
4791 2399
1787 1491
4993 691
4421 2580
4049 3743
4787 1661
917 3273
628 199
24 2301
2023 2592
3367 110
3009 3976
3345 4558
1897 469
15 2733
2381 889
2162 3583
4119 3210
1491 1673
4645 3642
4593 3249
1673 809
2067 3865
2110 3651
2481 2965
313 3084
4841 3185
4991 4821
387 2550
505 2469
1671 3876
1162 3761
350 3048
4597 1429
945 1115
2673 451
713 2853
996 1
4873 809
3433 2805
971 601
2871 3390
4340 1793
1475 4973
3919 1079
145 1130
2353 987
3131 1791
4001 3491
4184 3641
1211 1321
4169 1837
4734 2289
403 901
1151 106
4863 1746
2282 2007
3413 4385
2950 941
3477 4393
4213 933
1493 4384
3946 3889
201 1188
497 3259
1543 3385
515 1888
3431 1777
11 2729
4496 2465
2155 515
3261 1966
4622 2940
2121 2027
1976 1901
3621 4508
448 2227
3761 2807
1623 3913
3865 1101
4246 3949
4196 3051
1241 2237
3641 771
3379 414
1908 4956
1001 2883
4361 1524
885 3773
1771 1687
1953 4033
3209 2241
853 975
4825 3254
3326 587
4301 3912
813 1723
1993 2956
3957 4901
2301 4601
1321 2625
2511 1165
2061 4449
2631 1021
1 1761
3889 1301
4987 1471
1797 3028
421 1431
1396 4941
3961 3705
179 3761
4329 4326
4117 3396
1072 1281
1201 3633
2801 2727
156 1027
3925 165
2273 2311
57 1834
3633 95
3401 4377
3447 4691
437 2633
4633 3669
4138 1296
46 3516
1031 2169
4597 4837
609 1055
3957 1841
3893 4729
3499 4433
4105 2850
4882 3236
991 2401
331 3641
2593 4951
1691 4033
4592 3716
2406 3306
4311 2628
2991 39
777 340
2979 330
4379 3653
4601 2769
1731 2177
3061 2299
4239 1909
4633 123
1145 4555
695 4975
966 1761
3619 3041
4031 687
4361 4855
1687 2485
2550 1081
3373 1454
4395 909
4899 3572
393 3948
2425 4625
2409 4545
4601 2565
513 728
2982 4241
1649 3705
5 2701
2886 791
3697 2411
147 4104
506 391
2569 4441
163 4875
4111 3026
3443 609
2657 4753
1959 2641
2241 1165
4620 3323
3198 4884
437 2003
3806 1397
4269 101
1937 3205
1151 2148
2537 3576
2245 2395
3260 3525
3623 1021
126 1785
737 3177
3331 2961
2113 3061
4491 882
2716 2129
1876 3323
4563 151
1204 3401
4885 1122
1396 2831
3592 4528
1436 3511
203 2681
3173 1321
2520 3965
4814 2376
2441 4071
133 3701
4241 3561
1949 4810
4466 2826
3651 4549
4281 141
3641 4861
4238 2574
4053 1409
763 655
869 761
4060 4189
540 3253
4030 1649
1009 2263
4163 3148
221 430
1725 1589
2881 4821
2993 641
4081 1457
1709 4321
3791 3227
3277 4361
2944 4606
2004 2681
1217 1007
1421 2731
1261 2999
3137 4291
1535 2911
3281 4973
4541 710
479 527
1743 385
3871 561
1485 190
1176 3804
3561 2487
2577 3439
3061 4938
643 3525
1351 2065
1462 4455
411 291
4781 76
1301 3186
1545 2235
3669 336
4994 3403
1363 4775
1918 3345
3223 2926
1865 4811
2325 2254
2461 4931
2128 81
1798 3301
2401 1936
1681 2028
3535 286
2951 745
1 2545
2661 3217
1749 3786
1391 3759
2297 1609
2641 2951
2227 2965
3231 2105
4301 3801
4535 2643
105 2233
1707 1042
2349 1597
394 761
4291 2982
1396 2913
1687 2370
4101 1166
636 865
389 1406
2921 3308
3461 3986
3219 1897
4277 921
1323 4394
321 315
2791 165
3981 2871
2076 2001
2529 2477
4798 1750
876 4081
726 514
2513 3681
2253 385
1914 1513
2424 1017
1633 1433
2889 1341
1293 1669
554 184
3609 1605
2953 3289
771 2617
436 1076
89 1727
2801 973
3201 531
2899 615
4798 2284
1732 2545
1352 3642
605 3985
4809 334
2281 2521
2821 1760
3647 201
1429 2695
4332 46
3493 4881
2819 2301
1241 3828
1317 2357
3561 3189
313 1433
2257 1553
4926 1293
3381 2840
3017 3102
2521 4179
2369 929
3130 4206
4341 3993
965 3331
4201 3433
315 6
4221 1251
3980 2329
4161 2297
1458 1301
1983 549
2598 1790
2913 3927
3561 1280
2913 2696
4681 1857
721 4391
2336 922
3705 3876
4818 4479
3009 4033
3876 1881
1853 3761
3579 4134
3801 2321
1780 3125
309 129
1851 2405
1021 4021
1941 3937
498 1670
1985 2875
1509 296
1326 4551
4659 105
367 1898
265 881
4376 4792
2761 1123
1742 21
160 3285
4177 4457
4251 3308
2521 1255
4876 3857
2104 2540
4977 2565
683 1761
994 541
1921 4641
3089 425
549 4839
2311 4292
3949 3329
297 3701
573 642
181 537
2132 2628
29 3993
801 2817
3039 1851
741 929
3725 1385
4527 4845
4986 3392
2061 4511
1451 692
711 1151
2852 4060
1413 2489
1941 3332
3899 3531
2873 3757
3929 3586
2881 3921
1040 926
3688 3282
3483 3676
4785 3801
3841 2607
3115 4093
2341 4899
709 3088
4877 3335
3545 4666
2793 2888
3072 1601
4017 683
2747 1476
2083 1733
4057 1416
1961 3821
4197 2943
4429 1191
1893 4348
3991 2803
2613 2681
4401 551
2285 4477
4372 1542
673 2872
2753 2881
4467 3473
605 2415
72 841
2539 717
2005 1281
2881 421
3783 4710
671 4297
2351 4566
3001 4527
1928 3637
3905 2361
3844 1632
3271 1799
257 3970
1401 3277
4510 4024
3783 1126
1931 1289
3371 2214
2095 1133
3487 2201
4033 571
4761 4496
205 3401
913 1569
2289 4007
3764 811
4869 1264
2981 201
4137 29
481 2175
3449 1386
473 2917
4851 186
4226 2081
1529 411
3511 4245
3767 2714
2441 2838
4970 2260
135 3057
343 1101
1961 4901
1090 2417
3413 2955
1621 2238
2721 3593
1037 971
913 1398
3721 4751
134 2201
4405 3547
1241 543
3839 1761
4569 7
3665 3726
3696 1901
4317 3938
2531 831
1606 4610
4610 4352
3162 2992
321 3753
4241 2081
481 2261
566 5
4749 1687
621 4171
1373 4503
1893 1415
3320 3601
4626 1533
4289 3641
889 3406
1089 3116
416 4886
1301 4607
2402 4115
1893 313
3541 853
1669 766
169 2671
1231 4540
3809 3500
4281 227
4497 2624
4143 756
1156 2131
2658 174
3101 1235
2661 1221
2006 3121
31 4969
1 2129
945 3805
4084 3830
451 1289
4797 635
2889 3151
233 846
858 292
842 1524
3334 1701
671 3339
2965 4796
185 1941
1765 3193
2313 1947
1684 3009
4735 4306
4031 1912
817 941
1928 3308
726 4629
4197 516
1671 729
2505 4066
4287 2373
1393 2985
1741 811
1431 2801
746 1865
4639 2316
219 4225
392 3693
4976 621
825 4607
1232 2897
1689 2033
2361 3389
596 3615
4597 1805
4186 1121
4150 1149
4153 3373
2531 1060
3281 1241
1491 129
3751 3059
3101 2695
4945 941
2409 793
3225 2141
3489 2305
4301 703
3980 4171
3451 4134
4158 2576
41 3526
465 3781
3497 221
2882 878
1397 2569
3501 1099
3751 3201
2450 2465
3940 3750
361 3161
3986 1363
3291 3525
4717 821
1461 1801
1994 600
3151 4502
493 2954
4070 4578
1309 367
4126 2900
4401 943
1547 1625
1257 2276
395 1147
2973 198
4957 4741
4473 2876
4018 901
3901 4942
1193 2496
1553 3245
437 1499
1993 857
4841 1876
2120 2097
53 3781
653 2129
2995 558
1669 1196
3261 1353
4876 2358
2593 3953
4739 1376
2698 3841
2937 779
4604 1343
3481 2156
459 97
1009 4888
2762 643
3611 2833
4730 2363
2271 3533
1937 3133
4339 3633
695 1802
4277 255
1074 2745
2617 4479
1773 2171
1236 4833
3839 4951
2223 4612
1733 3505
3461 1081
4551 2905
3401 4171
2486 4584
4173 1129
371 3311
2345 1661
1469 3439
259 2065
4435 4501
4251 4670
4151 4043
2881 3929
3929 4465
4006 361
4999 765
1961 1142
1617 2053
2487 396
149 2586
1629 3737
151 3448
4273 756
153 109
3182 2811
401 3765
608 4119
1816 490
1193 101
2949 2911
3271 1793
3425 4121
1367 734
742 3884
1491 3911
4108 2465
2481 4055
1708 801
2361 267
2871 349
1186 1814
181 3417
1177 3717
2025 4997
637 2901
4507 3598
10 591
1341 3665
1299 3591
3851 3540
2001 4629
3171 2772
1275 3609
3607 3201
1061 1266
4689 4641
3198 4869
1201 1825
1258 3744
4343 2331
3063 2327
394 3007
2265 1751
3513 721
4676 2389
493 1965
4443 2597
1935 217
1057 2331
1786 561
2203 1541
453 3277
1723 545
4901 4766
2839 3321
4766 3276
1577 805
4329 4761
439 2351
871 1334
311 1655
1770 4701
1871 4061
282 2271
1226 1180
3237 4985
3178 2909
51 1691
4651 487
1132 251
3839 1265
3347 529
2336 4099
1532 101
907 14
3711 4505
381 1781
2615 2825
3629 2526
2122 2401
1976 613
1369 2321
1621 1901
2001 361
3902 3715
4855 4089
3515 1793
4241 3236
3157 4915
2741 4318
3461 139
3726 737
245 2829
681 4456
1481 4064
823 4305
2790 2369
2883 3745
3337 721
1305 1290
2466 153
1455 1425
2809 2142
4688 1315
2894 1589
4733 4513
1291 2361
4549 1659
1115 2704
3927 4881
4281 1402
3303 4697
1785 2585
1512 363
1373 1401
3137 2557
2736 4651
1713 3378
2242 2537
3199 1905
2661 4034
2937 2593
2355 1991
3601 2025
4961 1888
2933 4614
4569 3017
1573 1801
1905 3073
3981 2001
2316 4967
4801 3327
3058 1561
437 1217
3234 2177
4461 1545
991 4141
1638 1076
4601 378
804 4447
4641 3334
2287 3931
2561 3739
4755 3283
2219 3510
1455 4647
2409 2106
2505 3503
3761 3541
3813 4548
3846 1412
2945 2873
4897 326
1105 3164
4069 1181
2698 1225
609 621
4205 2569
4901 301
2163 4991
3334 2741
4741 2673
135 1251
2873 2461
942 3472
2260 1541
3761 153
1765 2581
3077 89
136 4339
1500 3721
3405 2676
2 4555
3675 1405
4395 1743
2901 4264
3269 4368
896 4894
1206 3855
2079 1793
3761 1394
1437 779
1317 1965
4731 1889
657 277
3367 3303
651 3314
3001 2756
3990 4649
3707 4851
4121 2595
201 1
3584 3901
55 1693
906 1369
2398 1526
1066 471
1833 2861
3163 2314
1831 721
3735 2881
681 2869
1686 147
2721 666
4301 1886
4998 3302
257 2701
1401 1437
2071 91
1751 2946
899 3777
4259 1593
4959 361
3169 1031
4985 1271
1861 3060
2414 3391
769 3730
826 3280
2486 518
2489 1971
3237 1919
3866 4206
1361 100
401 1159
2979 1961
4189 3712
4665 1497
3317 817
2268 2105
4387 3102
3759 3977
3269 2417
4989 2781
7 2640
2487 3829
4681 1641
2343 1261
3463 2201
681 3506
1106 905
2666 4427
2415 3602
2521 769
1639 1479
3137 3222
3025 2065
3431 2723
3179 2351
3898 3158
573 51
1631 4010
161 1081
2926 2451
4209 1936
2101 4573
3346 1265
161 2036
3545 4481
3221 3022
1745 1988
4776 1259
3253 1697
649 1281
4162 2302
3233 4371
2449 181
3002 3221
589 941
3084 3668
28 3821
4069 1891
4381 3696
888 297
4113 2650
3496 677
4357 3901
1970 410
2713 761
4443 3757
4095 4211
4873 4739
655 4953
4625 2895
4656 2561
427 3201
3568 4597
2517 317
401 4169
1897 320
4861 937
2851 559
4707 230
3071 3569
2863 2577
4275 3121
907 4601
4091 1107
1430 2536
1557 1221
2681 2641
4057 1521
2145 4733
391 2752
1551 4301
2768 3603
3871 143
3196 3137
3161 4711
2308 4751
33 4112
3727 4937
2848 3726
2631 3263
201 1091
459 918
2748 1681
1 1369
2193 2214
4979 4301
2001 4542
3221 2147
2593 2601
1815 4140
4215 2127
4249 4012
2001 916
2481 4825
4026 3772
279 4244
2271 1449
1019 1821
4211 2925
3596 3087
144 4387
2016 3616
4449 1003
2281 3431
2921 4324
630 206
3357 4253
2067 2881
2425 1818
2073 3691
2446 1005
4829 3550
304 929
4913 307
3809 3534
1953 825
3631 733
2127 4459
3993 2381
1946 3977
2851 1151
2945 1517
2001 3489
53 4563
1344 536
3437 4781
365 4106
1275 4569
4773 1442
1636 4811
2353 4265
1297 3473
1904 1101
121 4523
451 2051
2441 1263
3801 4593
3172 1851
2857 3305
3336 2346
1889 2545
1948 1456
4401 641
2466 1029
4701 1266
90 3190
1369 699
1081 2794
3615 1451
813 409
609 2621
2674 2221
1781 4403
4921 4076
3833 259
4105 4772
2607 349
4596 4311
1481 3125
369 2589
61 1
4181 3898
35 1183
4441 565
1089 456
2657 2887
1851 1701
1009 4009
896 4299
2614 4199
2547 1833
1401 171
4331 2321
4081 71
3848 3081
1713 1321
4540 4077
1361 427
2689 4705
4801 3937
1601 2786
3869 2111
1156 3713
3662 2072
3297 955
411 281
161 76
977 2673
876 2861
1584 2205
4442 976
1689 2817
1915 3683
2431 4259
2513 3761
736 1526
1661 321
2751 3593
774 614
3305 3365
981 1001
4073 3571
4801 1886
2858 3408
1277 2973
281 4407
2820 1861
2594 3899
2153 3410
3431 1635
3004 2593
2402 2092
3910 1931
2523 1001
1336 367
3207 4465
4796 4699
246 2011
1961 3163
3924 2291
4825 1501
1475 891
3843 1751
2904 2269
3265 1275
2881 3533
2422 3121
4171 3233
2070 841
4370 2449
2450 4587
409 3453
3908 971
2191 1890
3265 4084
1517 1413
1887 737
4283 4082
3359 1004
4361 2174
901 2191
4865 3716
3246 4741
3871 3297
4113 1129
3173 2425
1255 4901
2591 3769
2055 4955
2901 1073
161 265
3379 641
136 4993
4848 2876
2786 930
2233 725
4137 1541
3033 3334
809 375
957 2073
1189 4521
32 1101
1398 1857
462 4623
1511 621
4396 2676
916 2829
1252 4201
4341 3761
3885 4506
63 257
3829 948
241 3885
3853 1
3810 3596
4506 3411
505 601
3259 4777
775 785
4880 1417
400 4579
230 2311
3445 115
4857 2515
3041 2111
2529 4169
1030 3907
3996 4626
1963 3299
1921 3732
1921 2937
3293 801
4631 3181
3521 555
2676 4726
3720 2624
1171 537
4775 3404
3393 3321
1461 2852
3301 4952
1331 481
3045 1609
186 3809
2477 390
3992 1827
141 2661
757 2773
4651 320
3921 2548
4353 353
1626 4925
4246 3007
4202 2908
3383 1011
1553 4003
1061 1421
4441 2119
243 4209
2417 341
3657 1047
2668 2153
4006 511
2321 2149
4563 4331
929 4722
2886 2081
957 3123
4334 2562
2594 2058
3935 4205
2010 697
4390 4894
1193 3871
4801 3921
2614 2081
3735 1516
225 3734
231 4377
2843 2196
1864 1257
1984 2707
1449 1851
4951 2720
1946 441
1251 2803
3080 2366
1649 4747
1425 1157
4921 941
2201 2299
4319 719
4550 4568
4345 4750
1425 1791
2091 4001
3732 1624
2426 2561
441 4104
3928 681
4681 3761
1915 4821
4611 4441
2801 96
1409 3491
4053 2343
2245 1400
4919 1317
97 4493
1177 4824
1861 4123
2476 1177
3222 3281
4801 2757
3231 1059
4823 665
2769 265
3149 777
2501 151
3066 2511
4001 1117
517 538
4281 4019
2411 4589
1465 2351
3339 2751
3409 4061
2968 3649
2405 1819
3021 3137
4867 881
2311 2269
1138 785
2064 2680
560 1488
2860 69
3575 1113
1082 1993
4601 1761
1101 3386
1607 721
971 629
1860 455
952 2602
1077 781
351 577
4050 2647
2601 2661
2958 1751
3566 796
4935 497
2049 3776
4717 662
2777 2123
4764 3689
4181 601
666 716
4991 1042
317 1829
2373 1644
4039 1721
3868 1348
1111 3185
637 4145
4785 4203
1645 323
3433 2531
477 2730
4001 4707
3067 3470
2369 3243
2687 1379
2953 3761
1145 2878
2561 3798
3301 2074
1821 1631
2913 629
2471 3441
2987 4276
4301 3909
3901 3143
2214 133
4558 249
2975 3309
4925 501
3307 1558
493 3118
4869 3501
1807 207
2473 305
4493 2661
1502 3946
4160 2152
4796 2694
2913 3010
2801 2136
4157 3066
1720 2001
4619 1366
4313 3721
2461 3965
3457 4678
4309 1164
1031 4641
2389 953
4672 1860
4845 348
1113 4703
25 4536
4707 25
1941 4084
2560 3155
3331 3673
4001 701
4385 3858
3165 3900
901 2321
1281 1981
4199 1047
2377 2921
1669 1401
3282 4076
1806 3105
13 1001
2249 4363
1569 1276
4201 3681
681 4646
476 1765
4546 1425
301 4681
3151 1053
97 838
1811 4265
3673 330
4841 345
4251 3301
1709 521
4213 703
3376 2605
3681 501
4205 401
1886 1333
3217 781
3401 1
3042 2857
2505 1511
1177 1540
4113 4414
2709 3436
4286 4501
4791 769
2103 927
1621 3590
1801 641
1221 301
2801 4345
621 3002
1096 3045
3433 4364
4431 2761
2075 2674
2702 2225
448 4859
3152 2913
841 2454
898 1711
4923 4851
1525 4908
1321 889
474 953
1567 3609
2317 681
2897 2636
2593 145
3113 873
3391 4373
2145 807
1781 2369
2121 2599
1391 1501
1701 3601
3342 2097
4256 1727
1564 1256
1849 2963
4989 2174
961 4825
283 1667
1 2496
3200 4486
376 1201
3361 647
147 2591
1079 2545
2089 3449
1383 1691
4041 127
4833 760
2721 3793
3865 525
3423 2251
1501 3329
1289 189
4051 1039
2914 3701
3297 3231
835 2861
2543 2505
813 4425
4051 135
4857 505
1361 1641
2694 4033
1236 63
4401 378
4758 3191
2815 2689
515 2841
4937 1631
3499 949
4774 2286
676 4017
945 4679
2335 3840
1073 2431
4001 1563
2861 3249
3657 2267
4683 1513
1597 3677
405 2923
2781 4141
2401 3409
1011 4161
1053 4457
4013 1749
3781 2619
3428 3881
4481 4077
4553 4971
3921 4089
4701 3473
3751 1721
203 4721
4076 1329
3199 3741
4643 1643
3096 901
1328 2655
1381 1993
1168 3217
3423 4737
3089 4389
1771 2561
2095 1353
733 4221
2269 2373
4726 2711
4890 1912
935 3771
3001 4253
1 2566
2155 4126
3100 4179
646 3076
846 841
1885 2904
4695 2945
2681 1195
1337 2390
66 1637
1452 4862
2271 3341
3876 463
2939 810
770 3316
1938 1993
2890 1075
4762 1195
1169 2865
2933 1753
505 4259
289 4581
3646 2762
4529 3530
4757 3790
1236 4301
2801 4260
410 2857
3751 2009
2011 1431
2751 4597
4667 4712
4621 501
4746 3681
1841 2519
117 3607
3371 3373
1729 811
2616 3701
1443 3071
2861 513
4142 1785
2529 2201
2567 3982
2801 213
3365 2145
1192 2526
3161 4244
1019 2909
4652 3397
1962 4033
195 197
4201 4069
1044 4491
1331 2611
4551 4323
3613 763
1931 657
970 2697
280 4063
3483 4366
1035 4950
2015 2981
2771 4842
3076 3809
3846 4047
1553 2757
2631 606
665 3599
2941 3339
1663 4596
4473 2437
4837 3163
1293 4293
4593 1357
3876 1207
3861 2489
2356 3418
488 2501
397 4452
3145 346
4201 3294
4585 3723
1673 2921
3855 3489
4270 4351
4110 757
4231 2457
3513 116
1606 189
1789 3717
2542 3225
1495 1647
2291 2293
4791 4701
254 3579
4045 2981
521 2845
1489 946
1125 2701
1917 3876
2659 3845
1041 1209
1831 3849
4481 1957
511 3679
25 4617
2852 3315
4253 421
479 3213
3885 68
1950 3301
1081 4440
4475 1343
4529 2289
3993 1426
4395 1201
4537 2584
1896 2071
4297 433
2873 275
3796 3593
4505 3038
1601 1641
349 4076
2766 3479
4471 581
2881 2439
591 2001
3092 798
3601 2089
1811 2281
3106 2825
2885 3579
1670 3412
993 997
2737 845
4625 1121
1709 1976
1701 4317
2641 1351
469 2981
4573 4137
3029 1501
731 1661
4173 2146
3509 4895
1561 2461
1631 1
585 3641
3186 4473
3812 3582
4951 3993
2010 3831
3252 4793
1173 4681
4364 4045
1341 907
151 2141
3701 2857
500 515
3305 558
1095 2684
2390 4673
3520 2799
260 2025
3193 3051
4723 3576
4780 2665
2020 3321
801 1669
1439 4410
4589 2486
921 1071
1437 2607
2776 1245
3133 2767
613 4241
1863 3929
4317 1327
2565 1732
4729 2436
2790 1179
2586 3521
341 912
1073 2789
1749 485
2355 4467
1401 925
2505 4867
1825 1031
4913 1541
4093 4328
3999 4195
4341 261
681 4433
4833 2443
1099 2561
3447 1610
682 4839
2361 4043
1148 1871
2106 3799
4498 3401
1201 186
1126 2561
4814 2937
1951 1801
1191 3655
2229 538
1412 401
4151 744
41 2367
3921 2221
4329 2368
3512 461
4092 3421
1521 2564
4561 688
1733 3762
3529 4686
2721 3863
2014 2661
4829 2129
2739 3861
3651 1045
2473 3530
3225 3693
537 3185
3681 1497
2997 4600
1096 1781
2831 4227
4121 1686
2100 339
3298 1343
4876 2841
3041 185
3620 2678
509 4276
1597 1496
3041 3953
4431 1512
3073 3092
2676 937
2441 901
1793 3223
3635 2091
2921 4511
796 3209
946 4421
1281 1489
113 1176
3025 3095
3077 3327
1876 1300
4181 3033
3137 4641
1037 1201
3984 2382
2663 1761
41 2396
395 949
569 2696
1399 3086
3121 1557
544 1417
931 1629
657 1333
699 3050
2751 165
3856 4981
814 4471
4835 1505
741 1153
2371 4553
904 1516
3305 675
2270 2516
1009 1564
2261 2281
2511 3797
2041 1097
4377 63
4503 3391
2435 1725
2846 2731
3875 931
419 577
607 4642
1261 1863
3469 1800
4571 3361
1081 671
317 2569
109 1981
3268 2058
4616 1881
1217 2437
1409 2721
2828 1739
4225 2841
4273 4216
1359 1750
3618 586
2816 4198
2280 3475
4684 2195
459 4553
4327 2391
1735 1904
640 1553
4284 4131
4901 3071
1763 2622
2279 3481
1637 2760
329 1442
2483 991
2709 475
3319 411
1284 344
1034 2984
2809 1345
708 1566
57 1979
125 425
4799 4323
2151 161
1477 2357
769 506
4561 1057
3196 3820
3424 121
489 3767
1851 2231
4704 2047
1093 4576
981 3513
4481 745
233 821
1287 3681
1569 201
3701 3526
3091 881
915 421
2841 1273
717 2519
2521 3401
2734 3253
4233 299
3081 3978
4017 2165
1011 4136
2881 403
2773 289
4996 1150
4691 4051
4161 505
639 2091
921 556
2371 1161
2425 1185
2862 4731
2037 2680
1036 901
2737 3423
2825 105
1925 2317
3877 4928
241 2601
3701 297
176 1479
2136 4877
2945 647
1611 701
2486 2283
18 3851
1029 4033
1665 3899
4542 113
3397 225
1173 1489
3159 737
4427 1849
1203 4645
2879 4681
50 2913
3721 2176
3251 1003
4728 896
4939 3145
3088 3130
51 3766
4481 1351
1731 3626
841 4196
2297 4852
3689 1177
3305 1705
1077 397
3851 2401
4353 3201
1335 4821
3381 251
1992 2339
4831 1212
1137 233
485 751
4969 971
3777 4315
1041 3121
2108 4780
3289 2396
3066 360
2685 3524
485 3892
3476 226
3406 901
2437 3743
46 1031
4121 4589
1441 2185
3193 396
2895 3710
2883 1355
1970 2711
1873 1549
4093 4105
175 1563
791 1915
4331 4936
3427 1997
4621 353
1265 4425
3897 3363
2456 275
4826 1725
868 1134
4126 925
465 179
2529 1137
4902 4841
3485 4568
1141 103
632 451
2507 172
2762 753
4801 4880
2681 601
4725 3669
1513 2338
4439 1361
4093 3869
2251 401
2171 2849
433 3481
611 1617
2453 337
4702 795
3037 95
3393 2345
4087 2206
3217 895
2081 4898
2823 3217
4889 4745
1361 1273
3171 3081
2113 920
2030 4416
3377 1001
513 4731
313 4677
624 3797
3281 433
2531 1587
3831 4616
2493 932
1970 203
2105 51
2251 2665
3430 361
3529 2876
2397 1467
3115 2014
4191 347
629 2425
3401 4013
3521 889
1131 4959
4440 3601
3567 4603
1827 2959
3772 759
3083 505
836 497
3353 3761
3612 2614
1111 4201
4173 4937
4051 275
1485 745
2481 2587
4761 4569
3335 2957
3617 121
669 4210
3753 1956
2417 4371
3178 977
2221 3133
3241 2881
4237 1009
1089 1236
3027 1520
1891 4092
1303 3448
3768 753
3251 521
1239 2822
2617 3993
2393 2131
3417 584
2699 2911
3551 2260
3237 3954
425 2929
4235 380
2905 1164
2021 816
2943 4963
881 2393
2028 4337
1989 4628
2126 4287
2129 303
2121 1238
2531 973
1335 746
1015 101
3483 1818
3969 3661
1865 2859
4649 2753
4097 3051
2211 4407
1473 4157
4201 2913
4042 751
4559 599
4154 4059
2193 1913
703 4145
1730 3121
2262 4641
4729 3743
4050 301
2953 2599
911 4333
2341 4441
593 2649
161 1963
2371 2441
2123 4734
2161 3291
1881 3473
2513 586
3282 4861
1417 3281
2337 4451
481 919
1145 3941
281 106
3237 2201
1521 465
4963 1463
602 884
2083 2420
2809 3365
3202 1973
2033 1857
3121 3831
4185 1769
2218 2421
3153 929
563 4251
2433 4693
1910 251
4805 935
4851 577
2821 4245
2341 4726
3205 1093
3841 4637
906 4181
3835 188
1770 764
243 4381
539 3066
4754 4041
973 1946
1865 251
3191 4687
129 4024
2101 4909
1738 875
2173 2075
2555 657
4709 3769
2454 4835
3671 2153
105 2297
1088 3153
1834 3989
4795 1657
4925 855
4681 1953
4149 1659
908 2401
4547 1913
841 2577
1629 1651
3911 2845
3801 3276
2497 4493
4771 3978
30 3692
4301 1657
2906 2791
2721 3925
1119 1315
2376 4932
3359 3052
353 2801
4197 1031
2813 4625
4816 341
4528 397
1873 2593
3553 2113
4236 3091
3341 1998
3761 4320
3541 1
1902 775
124 2518
737 4440
3251 1929
1979 1171
1660 1101
945 993
1133 3025
465 4570
2609 4670
1773 4865
2601 4609
793 673
2534 486
4811 4761
4994 3926
3461 3921
1489 1689
1605 1185
2452 1777
1827 4111
3236 1481
1501 1241
2369 730
1811 2401
1033 1528
2145 3602
3644 381
4755 203
2335 3997
3613 660
3910 4850
3465 659
1736 1817
2774 2849
3153 433
3537 4831
2618 4498
681 4597
4588 3281
749 2178
2433 3150
3201 1921
4520 4571
3841 3206
1331 4611
3016 4011
1861 4241
4208 179
2965 600
3287 4701
3816 2751
2789 3926
4766 703
301 697
348 1149
4281 3133
1191 4381
2080 4274
1693 4311
4476 113
1181 3337
3961 1651
857 809
3507 2833
476 1097
315 3601
4145 641
4491 337
1076 2578
3521 2650
2801 165
76 3941
3202 1499
3633 491
1109 3297
1028 1476
2545 279
3193 1350
2213 82
4732 1953
1153 4721
2725 4403
3129 931
4325 1651
2766 3038
1655 1577
369 3650
4849 369
4431 2013
1751 1327
1837 1401
265 2097
3063 16
2921 4597
4129 1201
289 3801
3851 1790
1245 425
753 1883
3092 1581
3401 3516
2881 3743
1181 4681
4225 1807
2651 1216
3847 855
4997 4898
2503 1913
4991 1451
3156 1273
3441 4001
1181 2321
113 2146
721 677
4985 3818
3265 3268
369 3233
3513 2966
2795 2501
2793 2622
4561 222
4708 4967
4893 1350
757 4
3392 4476
340 3505
3641 741
4381 1556
3606 2997
827 1233
2940 4073
3508 919
3853 3735
751 909
548 1445
3861 1602
2617 1661
3053 2727
2179 2313
4901 149
4367 1761
1905 1761
1745 4705
4726 1881
2341 1361
3544 2039
2041 529
2251 4258
1409 2749
2181 3457
2481 3001
3001 4717
1601 2756
3933 4335
1510 1617
1146 4821
4335 2156
1601 3793
4596 3945
3661 3861
681 1224
1653 2897
541 3004
3229 1957
1695 2461
3094 4913
1737 1367
435 153
2649 1103
969 4208
4361 521
3546 971
1199 46
1057 1171
4615 4529
1255 2485
2885 1141
1029 337
4764 2633
1713 510
2873 1928
3596 1498
966 4021
2446 1973
2229 2545
3167 4871
1101 603
1201 2793
3521 4086
4769 4471
4057 1921
1655 4215
4900 1776
2664 2161
3743 4041
3831 2181
4689 4001
4283 831
1974 382
1372 747
3937 3331
2857 2601
2391 53
4594 849
3501 2636
1581 325
150 4510
2849 3393
3257 1062
4653 3120
4037 4361
1063 2476
1961 3593
2678 308
2693 4151
3676 3261
1343 923
3062 2331
1033 998
4417 1121
1601 1617
1417 2441
2345 4961
2338 4843
537 4169
3689 2003
1269 3067
1919 2691
2740 2465
1405 1773
3678 2519
4071 4785
412 1689
421 1797
2233 526
801 4516
1781 3933
2363 3793
559 2341
1701 2831
4476 2209
4631 1541
673 1951
2896 205
2966 2410
1687 4738
401 990
2313 999
4915 735
4719 3025
911 4813
3817 2341
4177 2601
3639 3747
2261 3477
831 1390
3881 4164
419 4197
3258 1798
2831 1090
2646 4588
256 356
1945 2225
3089 385
3209 128
1721 2641
1337 4433
2821 4385
2561 1951
2748 529
757 1459
1441 2147
4961 1422
3045 3295
1741 4139
2501 4201
2580 1870
3833 4389
2801 4501
3501 1061
416 3969
1599 4081
3161 4658
1985 4882
948 1806
4981 4953
841 1379
3321 4748
4906 3841
4863 77
3257 4511
2057 519
3257 418
1726 1827
2750 796
771 1159
558 4880
3527 2650
2792 1876
4806 217
2801 85
3513 353
1913 4263
2389 608
4721 1111
2105 2771
4597 3446
1354 3921
2199 3801
1771 2251
1 3863
3596 951
3221 4141
2783 4961
1293 71
660 4151
181 3825
1251 2725
4194 901
1148 473
2761 1985
457 2490
4621 4167
1650 4923
3718 3326
4990 1459
2833 885
3705 2737
656 4860
3241 235
4685 317
2585 4306
3586 1293
391 3769
1057 2290
47 3451
4739 4497
4944 4179
425 1284
4391 2541
4075 1309
2269 3593
3001 3682
3751 371
3739 2347
3215 3065
4589 4361
4761 885
4835 780
3485 3772
4156 4053
3461 4593
1673 4697
4141 1143
4633 2649
147 207
4505 41
3587 751
4441 3751
1851 4345
3273 85
4101 4435
2471 1
2509 3880
1861 901
4693 326
119 3275
2656 2261
2857 2876
4369 545
2859 3785
1564 4841
4836 1445
3089 4649
4201 1559
4417 3691
3097 4241
823 629
3101 2530
868 4667
3571 2721
2858 1256
2547 2924
4244 261
1481 2005
1447 4421
2120 2347
3881 3697
4801 4801
4693 3017
3291 3913
3061 533
589 2216
4258 401
1673 589
1391 2880
2503 2659
1652 1
2051 2285
2390 1011
2279 4187
129 2301
2727 4567
2703 1115
2273 3733
3961 4826
347 3788
2 497
4653 4441
1111 2378
3939 3242
17 2021
1829 1275
2701 3877
2207 4054
3819 1035
3291 3666
1938 549
137 3857
851 609
3516 2225
3726 2709
3863 2813
45 1441
126 4363
2027 2086
1451 4731
3001 150
3559 4627
1489 134
2638 312
973 283
215 4661
2031 1204
2365 2873
38 137
1677 1007
676 1336
4381 4017
1313 3135
3889 3316
1961 2650
2911 1413
2651 4876
2926 4827
4775 1628
3001 3957
2441 2513
1476 2615
1664 49
1845 2864
4163 2413
2973 3751
1143 3667
325 4011
4628 272
601 3832
1651 1365
3760 2217
3302 4953
1654 3046
1919 3391
1201 2861
4224 2287
2381 3617
3502 4649
2433 2591
651 2673
3383 931
4820 4985
3747 785
236 2056
2335 1567
4881 260
4733 801
45 493
2689 1476
4593 713
1413 2104
4419 4393
2406 1889
801 931
3481 3597
105 2001
3385 2879
4485 601
875 137
841 4289
4521 1201
2525 4739
3013 637
77 1481
514 265
3078 1315
1997 461
171 4318
3367 4213
4381 3877
383 2441
1951 3313
1782 2730
2613 4850
1520 2063
3380 3865
4866 2546
2777 906
2777 4501
481 2609
1290 2593
561 257
3927 4326
855 3321
2081 787
2753 886
4175 1226
2927 2803
3178 954
4153 3126
1013 823
1009 1795
2123 1620
4161 1601
2366 4966
4001 1857
194 725
1903 2649
3927 2403
3465 3923
1021 4143
4246 2241
2751 1521
3871 4147
3137 681
26 3186
3565 2096
4257 1541
1791 4201
1853 741
2424 1289
2373 4376
2068 2172
2004 222
3935 3661
2585 836
2093 3323
2451 4151
2798 2600
1531 1017
1697 4335
251 4619
4541 1695
465 2475
4103 2853
434 3465
4177 4445
4441 17
969 3735
2470 3609
826 2973
4564 4745
1198 1543
4501 4834
4211 733
2176 713
17 1917
4329 3296
3739 1427
1631 4369
4939 1889
3781 225
693 3192
576 60
3282 3225
3297 998
2765 3783
3785 2561
651 1641
1511 3037
145 1831
3569 4257
4893 2736
2801 1911
4403 2881
3323 3473
4796 1801
4017 1276
4822 2601
4705 2833
2705 4577
4740 2052
3236 3328
4337 2664
3376 1817
3711 2633
2055 705
2847 2571
4182 4267
1706 241
3321 2629
4049 331
2160 2570
3591 1846
713 3942
2859 1301
2668 4795
3062 3106
2329 4422
4641 701
4748 4727
2025 753
1489 3943
4446 2145
2165 541
602 4701
881 330
3004 4191
471 4001
3135 3405
1313 873
1789 1665
2331 963
413 926
1665 2189
121 3961
1390 2621
3667 4548
3422 3371
2199 3513
521 61
105 3125
4259 4741
4722 2036
1861 1357
4037 4560
4016 4974
1644 3988
4775 469
1729 1081
1816 465
3033 2333
3555 2796
2887 2661
3153 2551
2806 4025
385 841
4053 3745
4881 145
2213 4829
1389 3769
4509 2413
3289 1897
2631 3111
3137 4575
4371 2544
2846 2843
11 2849
2292 4026
88 2977
4681 1240
4953 3156
1504 3671
726 3201
3941 1815
2040 1121
4591 3809
4403 1536
1889 3633
4221 4286
4617 1913
1445 819
1775 1
1445 4259
3187 4587
2024 9
4791 1933
4061 4891
4452 517
49 4080
3591 2521
4095 1049
4817 2189
3465 2103
2094 2317
3396 2930
839 4133
1851 4241
2195 3153
473 325
4927 897
4579 4485
4769 2837
3597 2853
3129 1506
2026 3945
73 1139
1118 1469
1079 4295
3780 2496
1400 4811
472 2401
2024 4941
2361 4298
4313 497
2335 4506
4477 115
1411 2156
2189 4205
3697 2492
2785 3353
1267 251
3329 1187
1027 4921
841 4103
3680 234
3816 1316
2001 2801
4205 3912
3865 1425
3826 551
2993 3336
2821 4861
3249 1847
1033 357
4017 1431
3177 831
4281 3129
3563 3466
4819 1633
209 401
2073 137
1526 529
4298 3397
2624 501
2768 4373
301 44
389 373
3004 2541
4481 1875
1931 3228
3612 2689
781 1185
3905 546
125 3243
4689 3213
313 777
3173 701
801 4457
2150 1399
3953 1365
3399 1404
1161 301
3207 1739
4223 1801
1095 3591
3241 2682
3637 26
3624 106
1896 2248
2241 1894
4335 4519
2373 3241
2509 496
4263 3497
2385 4082
25 1829
1725 1669
3079 2378
263 483
2781 1327
1451 1115
1871 4441
5000 4261
1015 601
1485 1456
4817 630
251 4324
1716 286
76 2676
3721 2456
1874 2753
1289 1013
4301 2143
2975 4673
4511 1695
4409 1361
1872 2234
2892 4177
2661 2321
2165 4226
4266 1845
207 1410
3783 209
4409 1579
3871 4621
966 260
725 3241
3549 2893
3526 3945
1468 4577
561 2826
665 4767
1843 463
1610 1529
4821 1577
1937 526
4812 4505
4775 513
4769 5
4571 2509
2536 473
4394 4089
285 3201
3409 4335
4561 2541
4076 4997
2348 1051
1831 3251
2030 4161
2159 1449
2953 2899
3057 2143
2146 4598
1127 936
4201 4643
2654 3479
3475 3711
3676 2241
1481 945
65 4459
2426 4376
3313 2736
601 3161
1985 4784
4089 2601
4489 2389
965 668
823 1241
1106 841
207 1465
1076 2405
4707 401
2507 1409
2267 3622
466 2521
3171 2378
1238 275
4276 724
481 4286
4576 4893
3896 3921
4601 4999
3669 3317
2979 1751
2913 2894
1329 3729
153 2491
841 921
4785 4178
917 141
776 1590
2826 4861
397 1751
1501 3779
2937 1506
4496 4596
1333 4657
2155 3561
851 1345
197 2946
4669 2674
547 2269
2801 994
2649 1473
577 4549
1901 4833
2230 1286
908 4845
3191 2797
2959 2887
65 4906
2039 4921
3481 2081
2217 2505
2769 1659
2255 546
525 2660
1655 2089
3361 1283
3386 2153
2587 485
4655 869
4086 901
3097 884
1089 4127
681 2463
4961 4779
3617 4481
929 2936
2668 628
1971 3106
1009 1403
4661 899
4265 2192
3801 1257
2201 4241
41 752
2129 4871
1985 1521
3253 3589
3291 3160
937 289
3801 1180
1139 2465
3631 1160
4399 1001
1131 1162
1549 2465
503 4558
101 1243
1953 2373
27 551
1807 1421
2961 3931
2561 4822
2631 2427
614 3277
4960 3825
2381 4314
2287 3555
200 975
1731 2335
541 1941
3521 4846
3345 1484
2661 2791
3137 1447
1081 2198
4004 907
69 2716
2321 4041
4111 401
2065 729
1909 4201
3161 476
3521 501
4198 1617
4142 1201
4543 4758
4245 3545
3298 1251
3557 2561
3682 481
1496 3064
3883 1512
3065 1283
4208 4505
2089 1666
4328 2129
61 1331
3567 4129
3751 1025
1688 4880
4621 4741
4521 4699
458 4679
4595 1521
2923 4925
2081 4574
1337 4953
2209 4997
2293 621
3629 1138
1702 2433
4791 3161
237 601
4302 523
4181 3313
2983 3000
2263 1706
4620 1323
808 3781
3276 934
1635 1509
1485 1629
297 4201
3249 1361
2045 4672
232 1329
3393 454
4637 3161
304 3957
1388 2305
1991 2221
416 4653
1136 3751
3169 1685
3500 1791
4996 849
1599 4861
4907 3689
237 941
2789 4750
3857 4557
1681 4033
1200 2713
4213 2841
3628 2082
3526 2205
925 2468
4635 3326
1509 2957
1024 4597
641 3826
3987 813
4841 343
4756 3335
207 2513
333 1467
89 3721
2916 4811
4131 2585
2833 4061
3729 4381
2778 841
1461 126
1127 2397
579 2432
2587 3521
3033 3398
175 3121
647 4365
762 4505
1705 3764
3836 1964
4919 4933
369 2104
4882 762
253 4561
4226 1683
4209 4719
2631 3235
671 4279
4946 3081
2463 4968
3681 2791
4313 1308
4299 2353
3304 2136
4826 3861
4193 505
73 545
2105 3962
3741 1808
505 801
1449 3785
301 4387
4201 3865
2850 4170
2737 556
953 1451
988 165
351 1737
1481 4211
1689 3151
2602 3068
2664 3525
1001 4221
2561 371
3212 2663
4757 1977
518 1201
2451 32
131 4973
326 3625
1953 2601
4126 985
2037 2080
1005 549
4551 171
1606 123
4619 1211
1251 887
2409 1101
3696 4851
3133 427
2729 4929
2341 2337
4747 4767
3297 4529
3441 1534
1793 3121
1907 1672
1957 4521
4126 3185
3857 4187
961 2479
727 362
1335 4847
641 2977
647 4722
1483 3281
2710 3689
1073 1401
2721 1301
4482 2200
3747 1476
1839 3376
4714 1826
3731 1377
2723 2059
3025 2271
1752 4751
289 4327
1317 2089
396 2521
3103 4877
3033 3909
1790 2257
1581 3417
4808 2701
1046 4125
929 2369
1251 1346
590 3796
1849 1141
3729 451
3349 3239
3431 3871
581 216
3982 2341
1579 3735
1596 2171
1257 3497
3832 2267
314 2605
4526 2441
3073 441
4504 3953
2001 1933
2352 4562
1705 3103
3881 1011
4918 352
1467 2041
4295 4425
306 29
1993 4711
1807 4409
3010 2221
11 264
2369 3393
3743 3129
3044 2981
3695 4931
2173 1892
679 3301
2755 4952
3896 3086
3021 76
2530 797
4741 4681
116 4437
4545 1153
4301 2439
739 4465
721 401
1315 4256
4316 4799
4872 2281
1301 3383
1301 2921
305 382
3289 2201
2029 4651
4966 2416
2417 1129
3771 4268
4975 3543
491 287
213 1733
3034 4275
4279 3265
4001 39
4757 1754
2525 3601
4601 2300
691 1331
3481 665
691 1011
945 4041
4856 1000
3561 109
4165 3691
2481 3308
1959 3848
1681 1058
3701 2217
542 350
1749 1157
281 1703
1925 1751
4875 1215
511 4277
2981 3879
3367 2413
4769 2411
4871 4547
4681 4201
35 4281
4021 811
3086 1963
2073 701
2190 2543
1089 4049
2932 2232
147 1841
4041 3621
3851 4194
1214 2301
290 723
4933 401
3236 273
4041 3905
3715 3913
3219 4365
4981 3401
114 3416
353 3951
4187 1327
1418 4287
1735 753
1461 4961
885 2401
3297 71
3184 4987
1005 4241
3025 3401
889 1473
2476 305
2381 1608
4984 4397
406 1531
2796 3837
2221 4413
3021 3305
3737 2645
4481 3317
2181 574
3915 4872
3523 2765
1962 521
1381 4560
3849 1645
1751 342
1868 2015
4301 1011
1254 3216
3221 2811
2553 1121
2087 1484
4731 3239
1009 3741
4345 1489
991 4290
3551 3737
2703 2938
593 1121
1779 295
329 825
4925 4487
3721 990
1076 1477
1249 3135
3521 2619
2113 2547
3130 1786
3209 1661
1 4951
1169 4280
1876 3065
489 961
1120 2092
113 2695
2957 865
833 2730
609 2818
2086 3290
1369 2041
2471 1388
1286 4443
176 4353
4798 513
189 3621
4237 2033
4521 3176
121 529
581 4746
4403 4663
2051 853
4813 2651
1003 301
4846 273
4343 1925
2737 416
451 1893
1797 511
3725 171
1175 193
1701 4859
3269 517
4809 3649
4509 3076
1765 3243
4351 1768
4121 401
241 4324
4840 1703
2481 1095
3153 2381
2911 3561
151 4216
3391 1881
491 1201
3571 1905
3472 3621
4173 3593
567 4218
33 1643
2319 2883
3548 2078
165 871
1583 3562
1424 89
3501 60
1073 3831
1411 3101
1801 2854
323 799
1587 1157
3413 1257
3784 2731
4365 4365
401 4061
2669 481
1973 201
1136 4612
3481 1657
2988 3012
2364 700
525 2581
4933 1821
1513 3908
4675 3449
1951 4470
4725 2301
2897 3239
3915 1620
342 3654
1129 2141
3603 2997
2085 3001
2343 3076
1618 3467
3303 783
3921 1605
1916 109
1647 3801
4692 4769
241 3982
4161 4356
2631 1997
2459 13
2925 3621
2953 445
2045 4801
4659 4918
321 4471
1119 2281
2432 3801
3417 4939
621 401
2889 4858
2539 813
689 1625
4244 881
665 3296
871 3726
4505 1435
4351 93
3249 4021
840 2012
4389 577
3633 925
888 678
4515 1675
4501 221
112 3008
2931 731
516 1505
407 4201
4109 908
3761 729
1054 109
1420 26
1181 4217
2332 415
995 465
3755 1545
3571 2471
4881 2465
3375 1233
3871 1713
29 4401
257 617
1887 1359
2681 4741
1461 3581
1533 4674
4973 2779
1809 2848
1361 3037
286 3853
4194 53
4860 143
1646 101
17 4000
3168 2501
3959 2437
1521 847
1929 3515
2771 2661
1189 561
1831 101
559 2301
1693 137
3655 4617
801 1560
1464 3801
3751 2501
36 89
1381 2153
351 3626
350 1089
1836 4511
2466 2555
4571 2009
2633 1379
1353 4311
4067 159
3426 1533
3601 27
3599 1921
1301 583
4876 1137
4413 1705
2903 1245
3769 2843
1346 1833
3226 2297
641 3248
1937 2653
4770 121
4861 1987
4691 2915
169 4256
4071 2087
1511 4707
2761 1366
2022 2938
1926 2726
1957 3989
2122 2761
2497 689
111 1766
461 2905
3121 4318
4123 3495
4963 4047
3061 4629
3568 3909
657 2760
3325 1949
47 1201
1291 3149
2537 4311
4751 4377
4206 4565
3747 4567
4421 4201
4031 2221
39 4492
368 2761
2752 3011
2626 1086
2399 3871
4070 2513
2798 1833
4849 3231
3001 801
2401 2581
4456 4743
1669 2641
4249 181
1749 769
1641 583
4329 1097
4456 3917
1881 673
941 2987
2607 4351
1495 4231
3684 3897
1895 3816
3738 4403
66 4145
4853 3385
2377 551
1881 4257
2683 892
41 2901
4271 4100
3537 2851
269 3519
2537 2601
2863 3370
921 4725
4609 3181
4185 1707
1608 2162
237 3189
4201 2977
1501 2093
1822 2089
4797 2003
987 121
501 1954
645 1062
4571 1378
669 1523
457 2033
4292 1206
3125 181
2319 3423
1021 533
2601 2425
626 2157
3383 3497
2888 681
4869 251
710 3373
3147 3793
4805 3473
2289 4041
1569 4801
4016 3009
1333 4513
1928 2349
2625 89
4819 4781
4177 2829
4909 3956
2576 3822
4537 1821
2666 3374
1818 4299
2301 1801
2541 2326
2254 3551
1851 4846
4520 1913
1375 2547
3249 1
3901 3565
3614 4877
1291 4677
2441 2842
1465 653
4929 1291
2573 177
2001 2013
801 3641
2761 3641
4178 832
781 597
4844 625
3075 3732
3634 30
3647 2563
4401 693
4481 2872
560 1121
4497 321
3121 2974
2361 3422
1344 885
4871 4316
4491 889
1994 651
3625 861
3012 2799
2291 4629
2673 3066
1587 1555
3721 87
4705 2157
3863 537
4989 2193
3395 1479
433 849
847 281
1614 929
65 1849
4976 2354
2526 2996
1111 1385
4667 3045
3019 481
2602 4011
1121 1793
2329 2225
433 606
552 4596
593 2601
3303 4818
2281 3267
2256 1892
1305 1177
3959 3609
193 319
3185 4656
481 271
3239 1521
1151 340
501 956
1185 430
2333 2705
4056 4975
2481 717
2041 1225
1034 1589
326 1643
2350 4928
1857 2651
4681 3017
4081 98
241 355
4885 1277
1554 1650
2653 2871
2641 671
2565 1881
2681 1931
23 2311
1405 2541
4725 1858
3617 201
1324 2561
126 2450
495 4365
256 1601
4941 4482
2083 1500
4481 2565
2317 3566
4086 1727
3580 2021
4160 861
3106 1605
381 3993
1321 3747
2715 3132
803 2108
1876 1936
1850 1
2489 2805
3417 4550
1641 4583
1639 895
1601 461
3377 2265
2603 2945
2136 1136
3235 3883
1137 3407
649 3894
585 3771
561 1529
1814 1311
3973 1326
1438 4561
899 2270
4367 3336
1130 3499
4690 4601
251 2968
2069 4080
400 21
3265 2791
2070 596
170 4430
3514 1499
1915 2637
203 2731
576 231
4946 3206
1725 1689
3321 640
3793 1425
132 997
2315 1994
3626 1901
2717 1989
1053 385
2421 1931
4857 3735
4370 3543
4420 2056
1337 456
2909 4019
933 560
2851 3532
