5000
313 889
4816 3693
3793 3471
3687 1251
2897 2153
497 4477
4549 2455
4089 1461
969 3702
141 2486
3766 2585
3381 1821
2664 2374
4919 1339
265 1788
1839 3566
2001 632
561 3181
1273 556
3325 555
1023 3599
1661 3961
3595 4216
4245 293
3787 1333
1617 1825
857 4687
3947 3055
3361 793
4677 4681
4615 2191
1121 4626
1875 4009
4001 4026
4783 1123
2257 3657
741 4431
2673 2505
940 2315
3663 2378
501 2821
3281 4170
4318 3815
2377 4127
3267 4885
146 1865
1067 4431
748 1968
717 2876
719 3543
3597 4321
1003 3971
2368 4906
2033 4924
1325 1600
4003 3326
1737 3976
762 1101
4987 1945
2037 941
4756 977
4026 721
1403 2026
2102 2679
4449 1720
2336 3963
3691 176
976 1217
4661 2185
3411 3428
819 911
3181 1057
86 1393
2249 4386
261 2705
1813 1081
97 1824
1462 3071
2517 575
3467 86
3878 3791
2726 1284
2273 4233
2325 2437
2736 1545
4548 2455
1611 793
1963 3898
4323 2176
4565 4778
3584 43
4252 2859
803 3021
3369 2027
151 3003
4417 3991
3026 4771
2666 1481
4889 4671
4969 1762
4384 3721
4217 4631
2330 4061
1177 3941
2407 4637
609 786
2967 2193
3821 2363
3526 2720
3401 4862
1449 4317
531 3174
307 2051
2767 4251
739 61
3759 3373
1130 3356
3673 4685
4305 536
325 1691
3874 1145
4061 4467
1425 1241
3295 2763
2177 4603
265 4902
112 873
4486 3283
781 1562
4749 3849
3557 4294
4079 4497
1961 1081
4119 4506
3549 511
1982 4601
3755 1628
2861 4107
4889 4749
451 3993
1681 2949
4609 1652
4776 2141
685 4876
2571 2441
1971 3751
1406 3146
3185 3801
2389 1989
2895 3799
1561 1703
1827 3151
4436 3968
24 2700
2386 2793
2801 654
3301 3336
1691 4546
4919 2537
4031 310
2876 361
2371 1456
2001 1841
1151 4881
185 4109
1673 4664
835 2791
841 1041
3837 4741
653 3897
4313 3597
1007 4543
3696 1104
3149 2013
2106 1972
748 2431
3392 2605
926 4409
4293 1985
2001 1970
3106 4215
351 4477
1780 1777
3289 1321
3182 2529
1319 1751
2946 4969
388 821
4055 4248
1151 745
2705 3501
3675 2277
2469 4916
3614 102
2531 3621
4246 3725
461 1201
1103 2081
3121 3151
1921 1601
2617 2121
4721 2019
2987 4757
3937 3285
3432 2380
3276 4696
3729 3403
4629 639
1201 3005
3581 4103
1913 3801
486 4537
761 1935
3662 3551
3417 1001
2441 3456
853 1321
3777 3303
4273 4350
1285 4517
3590 1349
2817 3632
1667 4379
1207 1525
431 2981
3355 1414
2973 2983
2850 937
2209 2616
3383 3793
1426 825
4177 3088
2094 4937
3966 181
4625 1843
497 3592
4667 841
937 2678
914 931
1791 619
2215 4545
2521 3441
459 3771
137 4550
1341 1809
781 2522
2226 70
4921 462
727 1121
3572 695
1657 3437
958 2121
3113 702
2161 1705
428 540
2371 2485
1565 4785
65 3321
2025 3137
3146 2281
449 3297
2931 1632
4184 3510
3576 521
871 3994
801 4077
4087 3586
1269 2415
4667 1223
1753 697
4795 961
903 1455
3076 3051
2597 2267
2089 1161
1971 68
4805 4881
2057 2193
856 3830
3269 828
745 1203
2609 3257
593 4445
3457 790
283 2097
1314 599
1285 4231
319 625
323 4369
4271 876
1901 2567
3913 3985
3731 4933
1925 365
4907 3701
845 3099
4186 4151
4675 2333
2187 4777
911 1353
585 3808
3161 829
2397 1545
791 956
3151 3121
1121 2851
1273 459
1852 4736
2023 3323
4615 3753
3793 601
1369 4054
4161 1645
4276 341
1341 3670
4837 3869
3093 1001
2876 1381
707 2201
4635 1576
1141 661
103 4601
2165 326
3833 4941
2291 2042
2632 1517
589 965
3681 1461
376 3695
3953 3722
2889 2781
4761 373
2911 3453
3416 1707
4833 2434
2845 981
2151 4355
1975 1430
4173 1333
465 3284
2013 4071
4848 1851
4527 1171
2923 4071
4751 3617
4001 2211
2446 4698
222 2019
1391 2200
3961 2547
1282 3257
1039 1107
3073 601
1188 4903
4117 2377
3825 3301
3673 781
3932 3571
3466 4649
2431 1947
809 4941
4361 3459
1039 3163
3749 1370
3361 2941
2829 226
1415 4301
2726 3613
198 1641
3406 4681
2527 3027
3677 2896
309 2501
4345 1101
83 831
1143 4811
3334 2851
2522 378
2206 341
521 1735
521 3279
4641 4321
2773 1001
3482 2301
2303 4886
965 627
2947 3761
3317 3293
1223 2438
2681 2906
1858 3809
3230 1511
3225 1801
861 997
1949 3716
2047 1989
2601 3617
1212 2921
1731 1923
1886 3961
3386 1793
3691 2766
4185 2045
1941 2780
1841 2785
3707 2790
3721 731
4200 3285
3872 1961
937 4877
3793 1511
2553 1909
4002 2141
2689 2817
2477 301
2371 3535
1126 4481
4873 41
4591 1005
521 447
4751 3577
2189 2564
641 3272
2847 209
2281 4591
1251 2329
4059 2721
961 3901
593 3926
3459 3456
1011 3923
1440 890
1653 4989
374 2395
2741 4901
3162 4452
2596 739
1619 545
2389 3001
3885 2406
2137 925
787 2634
3253 2081
1201 2823
2856 917
1005 4969
2153 1074
751 4553
1777 1898
2877 4441
4797 4364
1701 716
4603 137
341 2112
2276 2174
3643 813
3721 286
1971 589
3268 4257
3024 3873
1747 2153
4049 4217
401 291
2016 2727
3476 1399
905 1291
3956 3413
2964 2550
1796 550
1326 2729
1803 3561
4673 2518
2323 1201
3993 601
3801 1817
2516 4296
1605 1317
4843 783
1025 4828
4870 901
680 2329
4540 646
4773 3031
4773 4324
4971 1359
2710 4186
3719 3812
4225 4833
1833 3995
6 447
4481 621
3425 4743
169 91
45 924
36 3346
3781 2521
4710 1071
305 1065
1462 4617
1706 2916
4625 57
1401 4461
2713 1069
2397 3313
1297 1794
2305 1110
3786 1401
545 4198
4546 607
3011 2785
1260 1709
3831 4668
3506 697
251 1961
711 4871
2621 4223
3708 678
4212 815
676 351
5 1139
3667 1
3617 2927
1273 2776
59 1323
2981 4631
377 3601
2716 2753
606 3875
66 1416
4378 2525
1406 195
445 3233
3455 1130
3469 4036
585 2501
543 2977
2765 2134
1411 4929
3244 3288
3393 3077
1337 631
2271 4022
4955 3756
111 4901
4533 2101
3729 3777
1041 2795
2202 2008
3006 209
3489 2270
4625 3971
2529 3855
3845 4777
1711 2201
105 89
1829 2368
4305 2593
3141 3821
4777 2775
4281 2525
4848 1
160 631
3264 4817
1146 301
1051 1825
2171 1961
3657 1897
195 2281
1988 2837
4984 1587
3967 1837
3377 3258
1207 3957
301 4516
1809 1251
1813 1288
240 635
209 93
3334 4161
1299 241
1341 3765
4421 3688
1 3817
2898 359
401 2937
3797 1745
4407 553
4503 4773
793 1347
2189 4088
1594 885
4079 3001
471 3041
2431 1503
3831 1451
3397 3644
2909 1222
101 2126
4701 1253
4305 1216
2782 133
839 668
3447 1211
1818 3609
2025 2849
2352 3891
4238 1488
4251 4391
723 673
2686 2457
3153 3864
1635 585
1257 1096
4096 2351
1279 898
907 4408
588 2037
1034 4501
2747 1521
2173 3653
3049 1753
3081 2986
1323 2461
3583 2019
30 2317
2723 1181
2623 3337
818 1931
2227 2682
4345 2300
906 2459
3849 281
620 4727
2369 4313
1711 2833
4355 3098
2617 4265
4530 1761
1573 194
3185 4761
2079 3726
4433 1269
406 3394
3684 3333
3096 3449
353 1264
101 1417
4280 2201
4357 3681
4561 4697
1371 3761
1461 928
4994 4719
1975 2825
3293 4721
3835 21
4389 1143
4553 2438
1595 3561
4341 344
3644 3655
4225 1235
1293 313
2621 1715
292 4341
2845 730
4356 221
2221 3545
4146 4285
3626 679
2077 1846
1734 89
4757 3578
3327 2973
231 2773
1275 4406
3076 4124
2561 4811
3571 2301
843 4230
3063 1269
1609 3071
2345 551
1601 2469
49 4068
3424 969
263 3941
4281 3633
4722 1465
2164 3979
1659 1149
4691 1148
2351 1901
582 2250
2797 2098
1876 705
1657 1543
2667 928
901 670
4473 2133
3481 2431
3713 3524
141 401
4827 3601
1041 4976
4476 4292
1201 1141
2867 4361
243 3763
3073 3721
4275 4137
30 409
4494 1953
4782 2912
3080 729
2721 958
3041 1051
2856 2681
2049 3734
679 100
667 81
3785 1753
1979 1633
3343 1950
4346 709
1145 3109
1121 4299
2851 131
1125 4945
4281 2231
2206 3257
4089 1041
2707 1150
2391 2815
3671 1009
1705 169
690 2682
3017 861
1233 4611
4672 2615
2856 1725
2696 2841
2441 804
4201 4767
4552 3733
2939 81
3201 4039
726 9
3721 1161
1642 1115
4435 2676
4397 4505
2921 1581
4481 2204
555 3889
2861 4629
2815 1733
171 3577
121 3813
4625 4067
402 2911
4919 513
3569 4909
3252 4461
2217 1161
961 1177
3566 4785
3402 4048
781 1929
2261 2613
2362 4862
2626 4345
2837 2451
2639 497
211 4501
1717 493
3125 1311
4716 1611
2749 1489
2341 4303
151 2989
1121 2257
3445 1745
1215 4442
3912 3801
1161 512
4076 1211
4697 2633
2879 2867
1399 4077
201 3847
4807 1943
3944 1394
716 1057
4005 3253
3501 885
1846 609
3281 3251
2817 3148
3277 3261
4569 1369
4685 1287
3893 3407
4096 589
3457 1657
2401 3166
4245 4801
1989 1504
1474 2880
4617 4189
3981 2626
1962 149
4658 2026
4926 3849
3759 4321
3611 3025
3914 3500
3410 2497
4489 2203
3697 242
4291 2001
830 816
2257 2289
751 1313
4265 4749
401 2392
11 4591
715 1057
4137 2383
3961 4460
4648 4798
1649 569
3068 3125
3016 1265
2874 4778
4463 3953
4874 1593
1645 1627
3572 1084
965 4385
2699 4762
275 4478
2230 1784
4260 3699
753 3817
4973 1256
4105 3941
3051 505
2089 4175
2167 4201
4185 3577
4401 2569
2383 4232
2079 4127
2941 3596
3126 1529
3848 95
3912 2361
321 3056
681 2826
2867 4616
1449 4849
2401 976
4817 233
4131 4394
3871 1726
3031 1238
3273 534
3351 476
1413 921
3821 2953
4116 1985
4737 4061
3277 17
1441 1773
685 1729
123 4141
3721 2673
2249 4098
3477 707
4216 1256
1 4971
3911 451
101 2733
121 2119
757 2871
1601 933
1939 1744
2009 1409
1538 1657
781 835
4481 2779
698 635
4957 651
1016 313
4789 4292
2282 1476
2031 1761
1897 3032
2714 3270
112 4249
4330 2984
3457 2218
2543 1496
3078 3629
2601 3768
2217 1048
3489 3801
4217 945
2464 3731
2371 4670
161 3940
109 2649
4915 878
1049 548
3121 3896
2861 3371
3525 4727
61 1767
4836 2467
2257 3026
4997 3782
1926 3805
4381 801
4867 1053
1633 1935
261 2051
3116 1261
951 4236
2371 4689
641 1400
111 139
4959 4241
2165 120
1743 4305
3549 3361
2034 3201
3505 321
1916 2781
3809 2944
2781 3301
2285 1985
320 581
3051 2160
4974 62
2987 2771
1941 4537
4033 4461
2644 1781
3449 3313
3465 297
253 1098
2375 4779
2885 1251
1 3637
2203 939
145 3673
4880 3842
4780 281
3826 3851
3609 3115
759 1509
3870 4013
2071 4429
3091 4701
2768 2687
1225 2169
4731 2457
4473 1317
4163 3091
3925 416
2896 1071
3581 1696
3000 4119
4856 713
4565 1891
2825 1223
4069 4541
2771 449
737 1151
1047 4208
1073 201
3703 2631
2966 719
1 1099
1796 4461
311 4266
2265 4718
4087 2833
811 3040
476 1894
209 1623
4731 4136
1821 874
1597 3342
29 3803
377 1964
2857 3885
921 1081
2843 2771
1113 4791
4177 865
3637 2869
4605 4951
1749 4871
3531 1626
3531 1300
2951 2194
4297 899
841 2905
3119 1964
1281 995
3745 3613
1013 1392
2791 741
1081 2196
4761 3531
3465 4988
2029 4381
4311 2917
17 1371
4796 2566
2077 3369
486 2608
3017 3326
3161 483
3085 3824
126 3137
2583 4416
95 1214
3033 2567
1129 1539
1229 123
3055 633
3553 3761
885 2626
3837 1195
197 4159
4481 3521
1797 2541
1921 4775
2349 4671
2691 1651
1694 4891
813 2957
4665 101
3403 3832
4161 4765
3449 1223
3761 2753
2037 1969
2071 3793
2281 1556
4097 2689
695 2681
2200 3467
1207 841
773 4868
3775 3377
2641 899
3825 1956
3739 1503
4901 901
2425 4087
4430 2521
1886 4284
4825 145
4778 1213
3365 4321
2501 4082
125 2643
4513 715
4911 2946
2681 2401
2340 2860
4601 2381
2725 1149
1025 2769
1517 4843
4066 1110
2793 2982
3573 1863
4366 4858
2441 201
1569 4797
253 4293
1861 4988
1977 2019
4305 4623
2237 1153
421 1649
4555 2591
4247 3941
3117 1862
4797 2081
151 985
1067 2203
1753 3949
1513 3068
2535 4489
2742 1
4277 2185
4621 973
1289 4647
941 2426
81 1801
2125 2579
2012 3111
4594 341
2887 113
1253 3748
1837 3105
1892 1566
2402 1341
901 2066
541 2755
1973 2381
4121 4811
561 3227
3545 3341
3561 3055
4767 102
4209 616
2424 4376
1283 2564
3901 1581
3990 2840
771 3361
3541 2784
2354 4209
2071 1930
657 3492
3905 4501
1999 721
301 1161
4431 2797
587 1663
201 1861
429 1085
4361 529
4191 3553
1316 3833
713 4962
1218 1771
9 2101
4465 4746
3385 699
1954 497
4225 3653
2065 3089
1206 161
1025 1183
4761 2969
4755 3981
667 3396
431 1905
2685 2102
1577 4613
3999 1061
43 3211
615 2829
3451 4001
2149 3887
4661 4479
633 1637
2067 2654
801 4241
4776 2422
4027 2021
2305 1417
4059 1477
3012 3381
4797 623
4343 2306
1125 3627
371 905
3332 4236
2922 2861
2765 3315
1181 1646
213 3013
1018 1049
3561 4129
3845 3916
3031 3510
3601 31
4885 2657
2917 536
2918 3596
1283 2761
561 3272
2396 4681
1849 4900
637 1037
2789 545
1813 2881
2441 4339
1969 2739
3661 3201
2559 3546
4019 4797
2913 116
3239 337
2097 3213
775 3297
1468 4691
3093 2611
364 2506
385 1423
4601 970
4911 2842
4562 3501
3044 1986
1675 1531
25 751
2097 237
3737 3585
225 3046
957 3931
281 2211
1889 2191
2049 1718
4068 3281
1164 2818
633 1881
1097 3142
443 2017
2948 4621
4017 1811
3709 4841
3669 4608
3251 813
185 2678
4314 3090
4891 4333
2472 2724
1287 3401
1166 4597
69 697
1498 4370
370 3734
4832 3229
4006 3106
1881 2359
4405 4050
4913 4569
1729 2696
840 794
4065 1195
418 1321
566 2299
4844 2391
373 1211
1 121
3815 3185
2447 3749
4113 4318
427 885
1150 1513
3784 2998
3243 4185
3857 3043
4087 2751
593 1040
2475 2246
2659 2655
2607 745
2337 4249
4621 921
2405 388
4523 1711
1376 2371
4291 2569
4847 3403
1383 3401
2257 2761
2709 2501
1351 1437
4211 3981
3729 3489
1872 1239
4921 2301
2397 2163
2901 367
396 2601
4502 3953
2812 1357
2963 1863
3413 661
4361 2068
4251 4333
1081 1471
2585 1445
2404 3472
1882 1576
969 3145
4681 2571
4101 916
3609 1878
903 161
956 2288
4661 3505
2213 4065
1216 3871
4399 4725
1649 1772
3405 3886
597 2087
4107 3608
2257 1581
4719 140
747 4661
4655 373
1201 296
25 851
1034 3121
2295 1683
3796 680
361 2817
3743 1396
4234 4829
4356 1766
725 1764
2601 2414
1201 4663
2390 3245
1899 4713
3174 3284
2405 3611
425 3213
2242 3177
2297 3249
1051 569
1829 581
3692 4168
2321 3727
3565 4901
4259 1456
2839 1641
3439 105
2971 4809
3543 1085
2393 4357
4547 2537
583 636
125 931
574 721
111 1342
3295 496
1233 3897
1761 1945
4876 3921
2053 1191
3630 1941
3035 2501
1856 2251
3551 4768
1051 1673
4025 2068
53 889
531 1741
3439 4706
4571 3251
1617 3541
3347 3321
97 1673
1885 3222
3 2927
3681 1653
2769 4532
2761 855
2727 3999
3841 3481
4373 1689
2925 3443
1289 281
4549 191
1217 665
2665 2281
1527 3985
3674 2705
3554 4413
3533 4063
3876 1201
4437 249
553 2381
3345 43
4648 691
1597 375
1474 3074
2385 801
1607 1155
1375 1537
3209 4330
1941 499
3281 3429
1518 3617
3073 1389
3137 4371
981 3846
3102 4369
4801 1121
3721 1476
1569 1725
668 4902
9 1851
2073 4721
535 4132
3925 1016
3839 3039
2469 427
4865 657
1741 58
1209 3071
2873 2349
4821 3503
4462 4106
1454 2037
4707 3652
7 3345
241 3291
3156 1761
1472 3291
2080 1879
4801 4344
981 2951
4311 144
2401 429
3138 4646
4892 3005
4977 4222
905 2357
1320 2628
965 169
1883 2867
1573 3889
4711 3676
1784 4436
535 3933
1569 2081
3386 2580
3565 649
1041 5
3985 4737
829 3129
733 4823
5000 2347
497 3309
1541 4961
2969 2073
1073 1457
541 2132
3956 2167
4913 413
2697 4191
385 2921
378 1049
2657 3762
685 849
801 2743
4701 1993
601 2489
2352 2321
3681 4141
4323 2576
537 2161
2566 431
4561 4321
2119 915
2759 3161
1561 2449
889 157
3507 2061
3102 4061
3744 2936
4513 974
4521 3735
1676 3376
3957 1929
1681 2655
1137 2352
3231 677
189 2037
1957 2085
2797 1565
2013 2249
4885 1579
1381 345
2389 4905
3446 3421
3866 2372
3368 4351
382 4781
397 1543
2483 2001
201 3451
1901 361
135 2142
1231 1629
9 2925
2729 75
2153 1951
2893 4107
3484 744
1627 1246
3025 3525
3069 4986
1011 3309
2459 3051
721 3546
2766 1929
2429 2969
2265 4209
4416 921
4235 4881
473 1321
251 3009
3281 2065
3883 1501
2335 3865
2849 2401
3331 1321
3495 2767
149 676
281 686
1776 4861
4285 4329
4241 4737
1051 626
2037 3379
2473 2699
2059 1353
1020 1492
1424 2296
3235 1822
279 2033
3587 289
621 501
3609 4353
3164 1065
281 1329
4081 2501
2401 3065
4096 1373
1720 4776
3809 533
3864 4401
7 725
1303 829
161 2920
912 1870
861 647
423 471
1692 4782
2093 1885
1285 1103
4225 1130
1556 796
3601 3980
4410 1
2095 3651
3547 2209
1291 1477
4459 2677
1171 4903
1581 843
2265 4521
2341 29
415 1391
4277 3841
4381 3232
4433 2033
3941 4511
3843 3757
1991 2561
1546 2253
445 1470
2097 4716
2185 4837
2111 1629
4056 1588
3637 4241
22 1131
2775 3669
2478 4161
108 1426
2851 2338
3751 1147
1071 297
212 4433
2439 3897
847 3444
873 2523
4156 4021
3100 4306
4375 2191
4681 519
391 1328
681 2649
3984 1895
4494 4829
3641 2944
3505 2983
2319 2634
971 3517
4065 3787
4596 1682
3185 1117
3231 3607
751 4315
1513 3881
4153 1279
1906 4745
3189 4383
567 969
4066 1901
2301 1869
3545 2121
4131 2590
2249 1631
2513 609
4861 336
3033 3538
981 806
4997 877
3921 3557
1804 881
847 1898
2785 2473
785 4789
1437 2296
551 3253
4879 1971
3836 3455
3041 979
1681 4518
4193 3361
2035 3301
3501 2841
2121 179
2247 2501
2303 2873
4759 2153
1401 3497
805 3497
2849 1681
2393 3721
1431 1641
2756 2435
4449 737
4922 971
1765 2577
4129 1461
4874 1853
4591 449
3831 301
2776 4865
4424 2415
1015 1510
967 1345
1551 3998
1054 2835
1971 4683
3769 2855
2928 3140
4889 202
3121 2273
3480 2063
4246 57
2041 3340
601 2401
1551 2721
1566 3279
1593 3140
1799 3461
2397 2373
1671 3209
1650 72
3305 1069
609 774
429 1001
3408 625
2265 2601
2320 3096
3361 2033
4257 4425
2959 1261
2089 1881
595 1259
2655 2077
2511 2882
551 4091
725 3414
4871 2851
775 1086
1236 717
3201 1501
3837 1001
857 3315
3784 3921
421 641
4033 856
2091 3482
561 1681
1179 517
3588 3251
3389 4186
4007 2335
772 2193
3637 4697
1431 2341
747 4177
2681 1751
3382 1371
1861 1585
1181 1311
2051 1081
4801 771
2789 1968
3123 1313
2004 1669
3217 661
1806 557
196 3687
1471 2578
3497 4261
4694 2712
4359 3748
3611 1133
2954 811
3945 4729
2101 1283
4921 4909
4389 3001
4901 1636
2606 1661
3167 2314
3831 4249
3586 1924
841 2689
1372 119
4031 2106
785 2718
1601 293
428 3375
2707 1141
645 4801
3471 241
308 2586
4039 3186
1469 4807
2931 2769
4278 252
145 281
3841 838
770 4236
1513 3681
4701 2297
2163 2078
4825 626
3614 4791
103 1151
1248 1926
3711 1349
4783 2282
4977 236
4386 2721
1311 1013
3001 1459
3913 4493
3093 2523
1533 2641
1881 1401
3717 1859
225 2769
1486 3281
4526 4171
3769 4819
2919 4275
2881 4348
1466 2331
3340 4271
1917 3574
1652 2913
4588 1576
4389 2699
601 1649
429 4386
3781 1441
3207 3951
3837 4495
1961 1836
1137 2022
3661 2756
3126 3663
1585 4993
3438 3510
3657 3945
4999 3406
4499 4201
2221 2817
1206 2905
3396 2676
299 3434
4826 3069
4536 1865
3161 455
871 1376
17 289
4625 4331
1827 93
3976 4244
4495 3491
3161 2385
1189 3841
3974 561
1677 1041
1751 79
2892 2609
461 3281
2857 3931
871 4567
1561 281
4461 3531
3651 3161
2837 3676
4877 3700
2466 2184
3611 4501
923 4361
3221 1977
461 2581
4711 945
1854 2331
2417 1001
3426 1923
401 4785
3783 1681
292 3110
3421 746
2441 3721
2205 2468
1585 913
1526 2471
2399 1321
1069 4646
3000 471
3856 1781
2812 1609
1629 1557
1085 2311
881 2446
1052 3081
3309 2576
2249 3421
2697 2239
1301 901
1305 2403
1181 208
4519 3616
1017 1187
177 4285
1652 2940
1059 1905
3881 2248
4461 3097
189 2395
1972 2841
3476 41
3306 4481
2911 1429
2701 851
3569 2971
367 2449
201 3623
3047 1833
3473 284
2736 1971
4046 4779
4897 4705
1134 3780
687 4689
2161 651
661 3241
1369 2441
2689 799
4223 583
381 2501
611 1025
2276 1837
2291 3337
1337 4153
4505 4081
3357 645
1855 4339
2767 4009
173 670
2834 4247
1751 1681
4552 415
2265 964
3421 3135
2151 4021
3587 1108
79 1536
2877 2257
3444 1161
2682 3228
3222 1249
1780 1602
4817 1753
1175 2317
2148 4419
3041 2746
2501 723
2321 3374
2026 3666
1511 4451
4745 157
2437 1786
2225 1592
931 1763
4333 4649
4977 977
3210 601
4297 1746
396 3064
4071 976
2126 4966
3218 3052
2829 977
3627 4621
673 2149
3949 2124
801 215
4768 109
3003 801
1005 2255
1264 641
1163 2697
597 1858
4120 1625
3926 1
1643 4779
4527 1956
1791 619
627 4729
1145 862
4709 2145
1291 169
3227 206
3581 1865
993 4643
49 3197
3731 3613
683 841
3741 1959
2641 4683
3031 1549
144 3511
158 697
3011 1736
4138 887
4642 1739
1002 3627
2581 3153
4987 1272
3354 751
4197 2591
4153 2549
2675 3841
4995 2701
399 4487
2307 301
3417 4895
3957 2996
2659 212
2473 3503
4994 2363
393 1844
3320 1820
3475 2293
4737 725
3451 4601
1993 2871
3629 4022
2363 3636
1725 4393
695 2108
2185 564
3269 416
3101 4413
305 1601
3039 2017
2129 3350
2177 661
4576 4436
3413 1184
45 4097
4433 4971
3766 1783
480 159
4841 1313
1091 2397
673 3751
4706 4864
2953 53
4041 4305
4839 2593
2883 2797
856 2799
2825 1159
2001 241
341 3826
2093 3225
1921 4741
3487 4582
2321 1278
4281 1321
161 916
269 683
4901 2467
3793 2747
1473 1868
813 2069
937 1333
29 3758
3661 2325
1836 921
2033 122
3961 2001
3787 1289
3686 4554
3871 116
3931 1001
2692 1325
4627 4879
1903 4057
2456 1729
3881 185
4001 307
1017 2073
453 2213
3705 2608
1729 235
2733 3119
3553 4213
1416 1318
1969 1594
220 1494
3041 2329
1225 493
3785 4914
106 2937
1336 1349
3201 1063
4529 215
763 841
3823 2336
1056 1911
4049 1909
3849 1003
4626 1697
2625 2601
3141 4967
4577 2661
3073 1471
3960 2226
3029 1023
1810 4550
1801 1223
3292 565
2773 1141
2004 3001
3381 2202
1571 2377
2987 3561
113 916
1569 1251
3370 791
2201 3593
4751 1701
3041 3155
4701 837
3684 4688
1864 3569
2997 368
4845 4091
2341 4737
2977 2716
4429 574
271 4881
4131 4497
1001 2346
706 3522
1251 2251
4401 1051
4779 1073
1131 801
2681 1627
1497 1770
2569 4388
3113 2746
3379 1781
2387 4406
2777 4457
4745 4851
2629 313
2949 1921
1571 4849
3830 1001
3403 4901
2711 2841
4166 2633
4041 3433
381 721
2585 1257
4641 941
2241 4524
206 1081
3385 4525
4471 4531
4737 3321
3792 69
3730 4720
3313 228
587 1106
2959 594
3281 1481
2265 2275
1277 3359
297 4177
161 3801
96 1582
2921 2578
2361 3587
1859 4847
2551 2237
4953 1883
125 1051
3878 1163
4621 168
4201 4365
3229 4217
2775 3815
401 4115
4016 4916
4031 29
2901 2061
1252 857
4073 4441
3771 4239
2073 1873
537 4585
3416 2381
2736 361
184 3561
970 3597
903 1025
3784 4705
4817 2705
3281 4638
946 2545
3761 1097
1897 3069
169 3538
3491 3885
3036 2726
2981 4513
219 4441
4971 977
3499 1149
4610 4639
4027 3703
463 1193
2326 1017
2821 4985
3880 3681
271 891
1151 1328
2425 3885
2720 2989
3182 3131
1189 3221
3866 2303
1539 1161
4231 1091
293 4831
2901 3827
1633 1433
4977 2313
353 4789
961 3565
4161 2395
861 2713
2817 4305
1551 2142
392 921
4145 4434
2693 1429
4960 1665
2933 2386
61 3853
3331 4366
3791 2562
3189 4105
3706 4679
3427 1589
2879 4703
1791 113
4641 405
2771 3737
3866 757
4477 837
543 2841
4287 2753
2481 681
1097 3703
4425 4531
2519 1246
3914 3241
2321 2996
96 321
4468 2091
3689 2513
1311 557
2277 3777
2359 2059
2199 3017
1938 3977
441 4321
3894 3187
1976 571
2192 1561
1661 3217
4977 4281
593 321
4367 3041
2797 4313
3819 671
1701 4873
1631 1427
3790 109
811 483
4054 4748
3623 695
3441 1758
1169 1189
178 417
1327 41
4671 4394
1546 419
3751 1906
2051 2076
4455 4137
2641 2915
1621 3480
4065 1688
2477 2708
1430 1289
2981 4130
4457 1121
3849 1612
671 3906
1981 1421
601 1361
1156 4141
4781 441
1611 4401
1761 2827
1663 1158
1098 3369
3889 1297
4897 4665
4789 2419
4933 3971
1383 2551
4631 4545
1767 1494
1305 451
3800 4359
4680 3994
2797 3425
4546 1465
1311 2371
1876 4577
2279 1301
552 1568
1285 3301
396 4462
319 1226
541 2179
1905 3553
4361 3161
3366 769
4561 261
2033 2345
3729 3445
1453 3710
329 1398
4775 103
2391 1781
4083 971
4641 326
4941 1333
4255 1593
795 2489
641 1667
435 2345
955 3957
2389 2235
4011 3488
2430 2539
1601 4860
3089 2871
4266 4618
3601 3338
2720 1689
541 3433
1353 3261
9 2652
4153 4241
4881 4561
631 1553
1736 3049
2498 1633
4051 3751
2881 1601
4597 2386
2616 4509
1720 2001
3895 2695
773 2326
3805 2448
2231 796
4078 2137
4443 4537
2457 2543
2635 501
2493 2948
881 2329
3501 4513
2493 4806
4210 3377
3447 3647
56 369
4550 161
1335 1454
3385 1757
1116 3569
3569 4561
305 471
2466 2621
260 4784
3666 4923
929 1725
2015 2606
825 4283
1741 256
1901 3619
4107 211
577 4641
2217 2874
4563 2094
1691 2226
2257 1961
1166 3191
3741 2884
2379 1642
801 1709
2193 4329
921 2617
145 1453
1483 1741
971 3985
953 4271
2633 3712
865 497
417 4161
766 1094
3940 3441
1185 4248
4887 1251
4889 301
4478 545
2687 959
2843 1427
2325 2365
4501 3277
3388 271
4117 2321
4594 82
4769 1130
4821 3221
705 1901
3043 3451
751 2293
4351 2735
341 2481
997 4649
4679 2845
11 17
1588 751
3845 821
3558 2534
85 2879
3649 2695
2708 301
4553 3402
542 478
11 2646
1098 2011
2441 1771
569 4113
4528 1059
836 2553
1 3131
722 1449
526 3705
4721 4839
1582 3496
4026 209
4671 273
2750 3089
4284 1865
2021 4981
773 4425
1149 2201
3591 2441
2112 3673
4312 209
3843 1036
2363 1657
2401 4321
3627 3631
2446 1306
2717 1726
2849 2942
3566 4501
2401 3925
294 2738
4549 2893
4141 4703
4121 4574
2896 873
1332 4005
2791 2961
1334 2413
4702 2367
3626 4401
1450 1007
2228 732
4639 974
2963 1225
3397 4701
4523 2216
3908 4484
4329 2349
777 325
3461 781
663 3537
2868 2940
4219 2006
3353 81
4389 2514
4411 4151
2909 4571
269 3185
3235 3257
3176 1783
3101 199
1656 4611
1151 4029
1641 2261
4601 3379
3113 4907
2205 3087
4997 385
4891 1651
482 2391
4787 3461
2593 1130
2893 2913
3268 2143
2121 3104
4253 16
3241 3189
3886 413
3 4226
2361 4182
697 2286
2325 211
883 4033
454 3900
1501 893
4265 2646
1545 3274
633 2293
1845 1969
4084 632
177 4601
2969 2251
4948 3955
2041 4851
4920 1375
1153 2389
1741 3873
4231 3072
291 268
372 1823
4877 3396
843 1369
2211 2928
1409 1189
913 1866
609 4451
4101 2101
3887 4297
1849 1642
4893 3895
3583 1169
181 36
1070 2853
3701 4747
2819 3473
3534 4833
1121 3641
3149 183
2471 2481
1109 3145
1575 4625
4307 2734
881 2061
3089 3857
2257 2201
3553 3658
372 2869
2821 2061
1945 3901
2076 3021
3031 339
3857 2520
343 3277
4425 1275
1892 3694
2677 693
3458 1353
1930 4201
1081 2013
1845 1797
2779 3126
81 3103
2974 3559
4861 601
713 2793
2297 2081
3601 2606
3867 3081
1971 1091
1739 3411
37 1401
4681 4072
4006 4494
4853 1197
2989 4775
4785 4009
503 113
541 2494
1786 2741
1101 3871
3548 850
3713 1321
1122 4501
4831 581
3563 2557
4315 3476
3261 401
1302 625
2522 2701
1585 1181
4302 611
3569 367
4765 2041
3182 3431
268 2148
1 1449
6 3661
359 1812
3481 440
4485 4905
4869 3153
610 4745
2779 2726
2462 1473
4118 1646
2791 2301
3917 857
4213 271
2209 2837
3035 1151
1131 4861
2054 4913
2348 529
1768 2569
1066 1819
4595 2692
1001 661
2564 281
1906 2331
4265 1125
4183 4425
1470 3929
4757 1561
4799 1934
1001 4041
2601 3099
4437 4481
3241 101
3913 4801
2185 805
1641 4565
717 3705
3481 4569
3215 2234
2961 4766
2305 311
4679 789
1861 1761
4497 1605
2177 127
113 4606
2952 2980
2245 1277
931 1051
1174 2551
1105 1765
3288 1985
2381 4637
1936 1653
238 1487
1333 665
1999 3947
906 4915
1505 3601
1335 1661
3866 4673
4387 4801
225 1695
2081 1376
3765 2590
1823 4206
3313 3486
1332 2981
4053 2529
3622 617
2465 4697
3151 4033
3287 1365
4267 3723
3457 429
1065 2151
251 1560
701 993
1261 4401
4526 1201
2727 2451
1881 1298
9 988
1457 4001
4633 1273
1528 3023
2690 3101
3985 2981
701 273
3517 4900
129 3411
4929 351
4441 3137
634 4567
382 4708
1939 2935
253 4057
3063 4084
2501 2773
2592 3401
2433 1021
1991 4357
4137 699
3325 4280
2833 4891
1129 1735
905 4321
4589 232
1533 3793
2036 4333
2696 3334
3100 4905
131 2939
2888 2821
1857 333
371 4971
4399 3466
4456 2209
2327 4749
3149 2999
2501 1201
3847 4265
4688 1705
2073 535
4265 4491
3985 1473
1200 4449
271 356
4303 2498
677 521
4767 4100
753 1421
4971 4083
1096 2063
4287 1881
921 3461
1766 3201
3825 1951
1958 3829
4026 1751
4977 4521
3777 4557
3661 3651
4571 2041
3506 4249
1017 4782
3841 3001
859 75
4833 2105
1961 3925
3441 141
4551 1081
841 3489
3041 426
3788 4681
2959 3251
801 216
4491 4521
1966 2479
694 1412
4021 1570
3374 4455
3141 1857
4871 1173
2751 4161
778 776
191 2627
2847 2526
3651 1417
4746 383
3159 4415
667 4669
3574 3827
3321 3715
4886 4119
4331 4385
2749 2020
4127 2711
2119 1669
3875 3541
87 1033
3233 1909
3407 3789
3211 1439
561 3721
3349 2570
3717 4321
1137 2249
1673 3299
3026 671
4290 785
4291 3053
1169 641
1369 2246
2281 319
2023 724
481 407
4856 3241
681 3417
1809 4625
985 1469
497 3359
4256 2509
1401 2181
4441 2687
761 1609
589 968
4914 1993
1411 4071
3042 4125
1461 2732
2208 621
4389 1569
3437 401
931 324
3715 2690
4224 841
4017 2779
3236 584
1409 2957
2491 649
2481 724
372 4351
3012 746
2689 4225
1981 4033
3871 3590
725 1029
4210 343
276 4161
2553 2521
4437 3489
4014 3045
2261 2641
4850 2097
4721 3531
2841 4652
461 1913
1898 1642
3649 781
106 1581
2571 4405
1947 4537
315 1849
1465 4714
1882 1413
4265 3605
2121 2623
3941 1184
467 1111
3720 799
1878 1154
4196 1641
1045 4085
1701 3547
2697 4506
3681 332
1937 961
4017 3399
1601 3269
1901 361
733 4703
758 4148
2725 4327
931 1675
1769 4501
1376 505
965 1689
4425 1601
49 896
4073 3875
1531 2100
616 1676
3271 1041
2741 1001
2155 4365
2925 3474
2633 1251
3430 3160
421 2342
4876 2585
1271 2934
976 241
2581 3301
4941 2684
4405 1801
1155 271
4306 4265
4001 1025
4441 3152
1898 483
3991 3281
980 2405
3705 1145
537 2391
4502 3529
1169 2381
456 2823
2921 347
1297 2989
1876 3033
3129 2432
4113 1985
3579 237
1755 4073
2401 769
276 581
2072 4586
3897 2401
1449 3119
987 4886
3787 4405
4492 4021
266 1693
1376 3747
1321 3401
1009 4825
641 624
1625 1513
2361 102
3793 1301
2303 329
1265 3874
2554 1413
4101 457
4723 3201
21 2257
4851 4259
3313 3425
1301 1169
135 560
2811 2351
441 4518
2593 101
3097 4289
1765 1251
117 1017
1386 1411
3241 3788
2165 4556
3354 4288
876 557
1977 1177
1881 1000
4118 1337
3961 4043
2449 3016
4081 1413
4327 341
3453 4320
4028 1117
921 1503
3941 4891
825 3242
23 3531
2489 3435
4181 69
4363 3803
1791 1551
1 4953
4701 3484
976 1792
1221 1531
4497 1808
4713 1388
2617 1221
2945 4201
1341 3721
862 1188
1489 745
3729 3898
2233 1121
533 4013
3121 1633
4593 1927
230 964
4557 4100
4081 3076
4940 3211
2825 1003
1933 3575
2612 4376
2355 2341
3309 3806
902 901
3759 4165
4461 2751
3781 3401
4701 4001
2601 485
3447 3833
3684 4001
4921 4073
887 1279
261 3757
2921 4781
3929 4328
701 177
1201 630
4536 3651
1646 2876
2779 4305
4094 1860
481 3249
3785 1905
1334 3089
1305 3497
4905 1399
3639 89
525 1687
1563 1641
79 1221
4626 4471
4947 899
187 2128
2948 3116
4921 3787
1489 2073
3903 129
2376 2609
1976 3721
4809 2277
3566 1411
4869 4201
4182 3361
1365 2725
3801 1817
4001 1645
4425 1409
1399 41
636 4486
3518 2959
4593 701
1216 3031
3250 2025
2759 2152
4741 2601
132 113
727 673
441 121
2593 4681
1321 313
2793 695
2709 126
2625 1491
1193 3824
966 3487
2513 124
593 3841
3301 2376
3977 3889
620 1986
4044 3977
1299 2375
3161 2293
3121 1895
1186 1842
65 2521
2863 1196
3997 1831
4681 4269
4651 4737
1660 3055
4287 4123
3689 4771
1601 1891
1241 2875
459 780
2619 1861
3372 3969
2993 2805
2045 2939
4436 4481
425 1567
4826 1608
3115 2641
2745 2985
3951 2376
2418 1249
4133 4239
3725 3137
4065 4321
2071 4631
2461 1335
3497 4337
1744 4994
851 3613
2686 627
3109 1751
2755 1586
570 4576
3550 1713
4423 1245
2569 3039
4640 4941
3193 2071
771 1464
4994 1845
2883 59
685 2561
583 4625
1963 3433
1041 465
1101 849
2893 4725
4341 4977
1731 1609
2781 2091
4141 1500
4175 145
1331 4771
2745 4940
4794 2742
4472 3852
3349 2625
3161 3157
4265 1505
985 2004
1913 2335
2657 4232
1202 813
3437 201
58 4369
3073 1741
473 3241
2409 2191
323 3705
201 521
2728 3980
4659 408
2680 444
4461 937
4444 51
737 1201
1035 3935
1491 3203
2369 1531
2577 3076
4101 1244
2681 4561
82 4976
561 3145
3318 1551
645 91
4761 246
4041 4786
1251 2368
3597 1326
4565 1529
1271 2276
2149 136
3873 4491
462 4820
1009 2765
4146 1041
2107 4529
461 1161
3106 1767
1375 2329
1521 1130
2117 2707
4007 2476
2357 785
553 2097
2091 1511
2136 1223
1818 3011
3441 2053
3876 361
2746 2773
3554 1618
4929 1441
668 4173
1358 2041
3332 4669
891 1169
2181 3186
1905 4750
1914 338
3272 192
1127 191
4976 865
746 1181
4738 3081
2843 1282
2213 1471
1681 3767
351 3705
767 4681
4129 2816
4593 4535
4851 3783
4329 2092
1157 3835
1961 4033
4825 4168
4706 3757
4176 321
1001 3593
778 1441
1656 69
3029 3991
128 1801
279 1433
1682 1891
425 297
2601 4361
249 4550
2761 1839
2281 3899
4535 2241
1861 3931
925 3657
4055 3017
1113 583
2269 1183
2165 3813
1001 3463
1481 3257
1629 1285
4617 3441
249 3479
1314 961
1777 1101
1611 1350
4886 4506
4235 1094
1857 4393
1241 3881
2729 2052
1869 3777
1077 1596
3023 265
3729 3295
2271 1781
3177 1441
1571 3881
2915 1750
3041 2876
3375 3187
4497 3539
1738 2995
2947 1985
3761 2461
4121 1381
221 2813
1633 3226
2889 2553
350 1389
2483 23
2556 1761
2866 3896
1413 4473
261 291
4373 1126
1367 2093
3997 2199
1081 819
1637 592
4197 4572
9 841
570 4129
755 3381
1683 1469
3628 3585
731 2568
1832 1477
3292 2501
2810 2863
1865 1425
3174 3031
3491 280
2301 3601
3697 2953
3896 565
4977 1693
1501 2683
3126 351
662 3841
4035 2779
2289 3574
1881 4578
2629 327
3125 41
456 2817
609 3557
171 4426
4761 79
3541 2447
4331 777
3455 161
2817 4431
287 3362
723 3133
1577 2014
491 3385
1957 549
2114 4970
4377 651
4637 3481
4291 3057
1120 1879
3972 4765
2788 940
679 1112
2363 131
2939 233
3323 1184
2283 2855
205 1505
811 2041
385 3436
4841 3145
881 3605
326 3702
4464 3573
2751 1671
3956 2059
2734 1241
1041 667
3866 1409
1441 2396
3846 3233
4683 2495
2901 2091
2257 697
2449 4497
3348 4924
3257 305
1237 159
1319 3577
1885 4160
688 1993
1778 2641
3039 3745
1018 2731
4246 3721
1705 1781
3310 4401
1441 3276
4049 1077
1865 4801
3006 3123
1177 1419
3722 2141
697 1439
516 1851
1974 1974
4277 2897
457 4701
2217 3139
3001 1355
4677 4051
2191 1381
1391 1581
4661 2537
1901 816
1745 4498
485 807
2817 3405
2920 2497
1553 485
2367 3931
733 4917
1973 157
1064 3457
3095 3728
2365 265
993 2241
1193 2957
1113 2138
3857 1003
425 2040
729 1381
1351 4072
3638 575
1866 3879
521 2983
2059 2721
4314 3898
2529 2381
2253 41
2941 2261
4465 157
1192 2441
1388 3412
3001 1845
1577 2379
3831 733
4396 3043
3386 3576
3605 1170
1043 1605
3937 3996
2913 217
4277 3601
2797 2129
4923 4116
4601 681
18 881
1617 2701
4865 1858
865 4793
4996 2327
3230 1265
4701 4638
1455 3745
4713 4247
4326 3361
4367 2288
255 2727
377 149
2929 363
1489 4365
2161 2411
4615 893
712 3561
4537 566
4776 2145
564 4485
705 2068
2487 1989
3849 4665
4253 2929
3949 1609
2977 1473
1405 4881
2309 291
4153 2025
3076 4025
1813 1815
181 1865
3659 3343
995 3449
2571 2337
2364 209
1437 1
1307 4977
1301 259
3877 3473
4539 4586
1633 3941
4601 4873
3542 26
453 1637
1925 3251
3953 3316
2553 3911
2087 753
125 3584
2817 873
3421 4201
4454 4173
121 2668
975 841
367 4525
3061 2460
1281 2407
343 205
359 2165
2065 2721
1201 1873
527 401
2925 4930
2001 4633
4354 3297
4156 4268
2571 2401
1571 2085
281 2827
638 2757
3091 161
3601 541
377 3872
1281 1365
2547 1109
499 1994
897 4521
2201 550
2561 4666
4901 3673
231 2947
632 801
4686 1797
2411 3307
3201 3736
797 3206
3211 4601
3882 1037
3144 229
1121 3405
4136 3460
2026 1871
2871 2861
3640 1029
706 1851
4831 3861
3786 3581
1335 4681
1709 281
1214 3229
2765 2281
1305 2171
3065 2960
4942 2049
169 2575
341 2931
3989 2575
3321 2779
4628 721
1165 1328
2561 295
1755 2024
1841 2421
2093 1341
2321 1433
1625 1671
2986 705
1451 617
2485 1877
426 3811
313 3251
74 4755
4843 215
2086 2586
1169 2804
2229 2041
2721 3751
4331 3351
334 4301
2272 1617
1501 149
2309 3583
4617 3027
891 101
3313 3521
1130 2431
3137 4153
3613 294
2177 4589
4141 1461
2771 207
661 2801
4309 338
1747 3473
4928 3510
942 2465
4521 315
2081 1277
381 2697
226 2645
2505 4286
905 1206
3543 2569
277 4861
4451 1061
1013 4065
4386 1481
1357 905
3453 825
4481 3837
2299 3406
469 3468
2413 521
814 4413
3466 2936
4171 2201
4777 741
1371 1557
2219 360
3482 3177
2607 1335
201 1841
1534 3720
1 3470
4266 2959
4611 1926
881 4785
3923 2991
1483 2889
905 3664
286 4101
859 4853
2516 2309
3364 379
2633 2031
1809 401
1681 4811
3156 4794
201 2019
553 3644
2277 4155
3932 1309
3876 268
4109 1945
4561 50
2241 4286
247 3176
4211 1944
317 137
151 89
4551 3939
2358 4111
3081 815
651 4202
3918 3151
3048 1526
1041 341
1413 4201
4381 2441
2197 867
1041 2415
2401 3916
138 1651
1221 3704
1751 4361
461 963
3047 3878
1399 1626
1091 1301
2475 1093
2201 2251
3389 4103
3013 691
1465 1621
4385 1821
3195 1870
26 3017
3025 2617
3457 4058
2561 2545
3367 1141
2523 1454
672 4876
2120 2961
1761 1769
4293 1873
3958 2460
1823 2021
2385 301
2151 2421
1154 4207
3313 1367
3503 1039
3337 3001
1801 3026
4628 730
1331 1349
1 1313
997 2517
1269 1728
3394 2878
3867 1599
2369 3979
301 3186
2887 1047
138 3313
4249 2531
1313 3321
2721 2032
1689 3606
51 325
2315 3816
2209 2741
341 2566
4183 3273
4137 1719
493 2947
4561 953
4591 4481
3341 4137
4333 3326
2416 415
3616 3992
4655 4133
130 681
637 3677
2959 3367
4943 4639
1721 1984
916 1957
1456 407
4761 2621
2133 1310
780 2401
1010 3954
3545 1005
172 2097
1907 4220
4499 2801
1711 1338
386 4790
3900 2401
3496 1441
4626 3585
299 2096
3381 516
4881 1008
1968 1957
1 2626
3741 3501
1201 2310
53 281
2086 137
4939 3681
3039 2703
3751 4858
4001 2910
2051 916
3071 2968
10 661
1899 1001
4093 1601
993 3249
2361 4545
3661 3097
882 3004
3211 1180
2379 3039
3247 889
3921 4993
4794 3061
777 1067
1035 2691
2481 1259
1671 3751
961 1601
401 3055
1945 3907
1111 1246
3079 649
2277 327
4836 1658
1101 2767
4081 3924
2686 4697
2616 2610
3965 2666
2473 3919
2591 1256
3481 1149
3919 1021
1641 2026
4681 1097
4785 3599
1617 309
2621 3101
1851 1081
4602 3683
3369 4957
870 3301
1661 1560
3481 4645
4109 3487
4755 2356
1591 297
1035 1347
4551 431
1063 3641
1438 2589
553 2153
131 978
3395 4129
4441 1031
154 3986
1881 2161
2936 4843
2039 2725
1241 3750
2777 3134
2966 1864
241 151
2566 837
4901 3663
442 3001
2675 529
3321 3601
2361 3401
4668 201
3278 3161
2557 1723
3421 3831
4821 3183
2839 3379
4141 4686
2889 741
3873 2789
3028 4078
3001 2858
3322 2617
2927 2493
3832 3986
32 2567
1157 1900
3049 1471
3569 3615
776 2394
3771 2312
2340 613
3556 1703
553 3222
2955 4625
641 4059
4216 3001
4731 1281
4933 1269
1961 2151
2041 2078
4141 2874
4199 4401
2231 4063
2991 2185
4589 621
4621 223
1331 3757
2791 4613
1198 368
2651 2478
4991 1521
2010 4526
1173 2004
1886 4689
4291 251
331 4097
3733 4012
1761 933
1329 1382
1185 3447
3577 3802
3991 4201
3591 3849
1551 855
3339 4577
3577 1608
1689 970
4369 3093
2090 1290
3895 2642
2801 812
3985 2597
2825 4967
2581 3995
2267 1529
586 4791
4201 2561
2725 2773
326 2793
131 4817
4769 3741
3751 35
77 714
1597 468
126 308
2006 1545
971 4611
1777 831
602 4447
2281 2001
1917 2713
4716 3734
2337 405
2171 2249
55 4485
346 3989
4184 4989
4811 3201
4276 3196
1354 4793
163 3663
2001 1417
2981 2872
1565 339
1277 1106
294 11
821 3876
1041 2473
2876 4561
3881 4291
1083 1320
1001 2119
633 1231
4617 4025
1107 3437
2701 4641
3191 2761
285 4675
4569 113
2727 4581
565 1201
3601 320
2969 4155
4227 3233
3017 893
1793 3694
3626 2966
2682 1643
1643 1655
3555 1823
1458 2273
4289 865
4266 809
2425 1545
3211 3229
2399 1519
2513 3416
1109 1651
147 3033
2817 2768
3351 1651
807 2651
2169 3295
4012 2202
2693 3439
3593 3289
2977 1316
3615 1941
1168 2924
865 1531
1488 593
4769 1674
1753 33
2584 3091
4441 541
2513 2027
4569 3897
2249 1813
4681 1303
3423 1001
4800 1920
2792 2736
3511 3846
1981 2521
953 3255
1997 3529
1665 2977
951 478
1901 4862
4459 4449
3961 1094
764 965
2779 4243
4789 544
969 1301
3139 2075
2671 858
1525 1319
1781 316
2614 1846
4921 577
1429 1547
1751 3960
4265 3005
4089 381
2473 416
4561 2877
4878 4446
3241 3880
2910 2151
4589 2131
1251 2827
4997 501
696 1704
3105 1456
3945 1705
1281 313
2173 3161
3125 2561
2494 2701
2836 1541
3178 3015
1656 2197
1553 4441
2349 4992
1141 821
4949 2381
2061 3099
1579 4221
2005 4071
4505 4073
2604 2155
2791 3793
153 1051
2697 3361
3185 861
4441 2726
2163 2761
4343 4601
1473 351
4912 2683
1537 4065
2191 2121
3061 4263
3461 4869
2656 3776
826 3151
3511 581
4686 31
7 2002
4601 1030
2871 673
2306 617
1151 3724
3321 3526
2573 41
1491 1092
4981 3671
1753 172
4926 2305
2386 3022
4039 1673
4551 911
2887 2663
3944 2872
2258 2645
449 2533
441 1256
4026 3981
2441 2275
267 4500
1041 1776
3011 3387
3833 1561
1 2754
3013 3737
1001 3161
2241 2841
1269 4661
4971 1901
3665 1141
4961 717
3274 2497
4861 2667
2664 2287
2713 2641
1507 942
2239 4061
3297 4952
2726 809
1184 3623
2113 821
1371 3965
2929 2553
2199 954
2073 2141
53 2333
2529 3661
1145 2963
849 1931
4588 1723
217 1815
1769 1385
4447 1521
8 4079
4117 4321
2861 3721
1101 3053
2270 2431
1281 1776
2933 2929
3577 1535
3338 4886
4710 4887
4735 4713
4713 1734
2358 671
397 4131
3889 1653
2761 3769
4306 3401
3506 149
552 2060
3721 2141
4191 3909
2145 4841
1193 2641
1544 3983
2151 911
60 4725
3701 3272
3873 3841
4151 4142
1625 3331
3290 4721
4145 2837
3037 2545
609 4918
2081 1500
3933 4111
1466 442
3763 4773
633 4477
4076 748
1509 4690
3681 1570
3929 3913
4546 2561
570 2267
1397 3619
1045 617
1829 1759
1681 4948
4563 1741
457 3363
1651 55
3956 1291
2585 1318
2999 2821
2001 2196
3095 2961
1626 2108
4996 1701
446 4031
1839 1169
4321 761
3061 1916
1321 1504
3344 481
904 2725
4401 4489
2782 4108
3195 4161
2788 1626
2696 3433
4195 1299
1781 487
3811 1327
3926 3865
2244 4649
852 1753
3595 3002
1366 501
4401 4996
3161 3386
4355 2561
3689 1971
1203 3781
3673 732
4594 381
1151 1233
3159 3725
2177 1849
4425 3826
3636 3700
1537 2575
86 3609
4665 4153
2697 2839
1135 1624
4753 2951
55 1137
4053 473
1469 772
4791 3785
2771 2465
1665 2652
1771 2495
4585 2278
3329 977
969 251
1851 581
4403 2427
59 2879
1933 2801
3561 223
1219 4297
689 1633
3869 3763
151 1681
67 4299
997 3069
3561 1731
4349 581
3835 2311
2233 1468
201 616
4281 1696
753 745
422 2141
1947 1201
1585 401
1405 777
3891 4699
1576 111
133 1269
4065 909
851 699
1115 67
325 4801
537 2866
3212 2642
2931 1383
2089 715
585 4569
4691 4471
4560 2626
3701 4363
3436 3712
3474 4313
3135 451
3126 100
1331 4911
137 3601
4490 3113
2021 4698
937 789
2608 3161
2197 2204
2293 4873
3971 1141
3641 65
2481 3513
686 3961
4918 1251
443 3503
577 3504
4337 3165
1295 471
4127 785
4238 4718
1861 2689
2549 2257
330 4537
51 4513
3205 3514
2423 4541
1845 444
4951 298
2361 1969
1699 1075
1369 1601
611 4682
3261 2661
4289 1601
1481 757
3057 1251
1725 3333
1520 1169
1633 761
2775 4956
2473 3552
4556 3705
2191 3681
2919 4064
3705 1814
2340 2509
2946 761
3583 2049
1348 3207
2798 857
4177 4701
357 111
591 2874
3882 1843
1932 677
1745 1645
2117 959
2433 4216
4051 3986
847 4939
3081 61
3846 1441
3377 2241
4007 1001
953 3135
1101 1104
1016 3857
3673 626
4149 2465
41 2009
3769 4346
3409 253
1001 4612
3459 2031
1685 4453
2077 860
2470 637
3441 2901
1303 147
826 1545
3365 281
337 4174
1836 3151
4233 1365
2217 4754
2977 1697
4817 3081
2249 800
1749 675
1146 1833
3361 1529
2026 1988
417 3351
3579 1741
26 713
2441 1980
1315 1605
3313 1112
3885 4873
75 1277
4231 2801
4109 1983
2582 201
26 71
4407 2310
3326 2461
3414 505
121 4858
3191 3863
4853 2906
279 279
1051 229
1161 1581
2477 1036
1471 4587
1201 1386
1845 41
1542 3641
2551 246
2265 2188
470 4744
705 2164
4941 1393
4205 3192
3961 2813
2137 493
2497 3849
3356 125
2685 4031
3999 2099
4716 2871
3301 311
121 2385
830 212
3416 1867
3001 789
1772 1996
2601 3689
3873 4209
2806 4357
832 2476
2651 1497
3977 3061
2559 4879
1563 4483
3611 2217
2657 3431
4546 4381
1762 7
3940 3839
3176 1114
4874 2141
3119 2779
777 2593
4741 4669
2444 1465
1174 2935
4615 466
165 1080
3221 2809
3843 1895
2717 3593
1437 3755
3865 4073
4313 4973
1297 3531
1313 4124
233 2951
785 4233
4269 4665
1898 2077
1274 3195
2249 816
2219 1976
3541 726
661 1077
1313 537
2090 4745
2777 2201
2793 1556
3344 3585
3241 2896
3031 2601
461 3091
2169 944
4132 191
4147 2291
3209 3441
2386 3137
3997 4875
1836 4567
459 3118
4267 1291
2899 83
810 4668
3121 4201
2281 1361
51 4649
4001 3560
4901 425
922 1750
3291 757
2657 3547
3193 2834
3025 788
4313 2361
1698 521
1416 1653
4629 1345
3801 2551
4529 4149
2001 3568
2237 4673
3587 4682
4856 2341
3385 4433
1640 3701
1031 187
4910 4623
2491 4445
4411 4637
671 2861
4524 4345
2833 2521
819 1101
4772 121
225 862
4055 2030
3269 3961
1396 1721
4141 1793
2331 1561
3341 523
2984 4337
507 3113
2626 1414
4335 730
3681 2735
271 122
4929 3305
4854 1036
3321 2236
536 3691
4681 3474
689 2921
1309 1029
3645 2017
834 2476
2446 1001
4353 2305
3631 4226
434 810
1521 3457
211 1395
328 3496
4133 3771
3016 2296
317 2549
1706 2639
1447 4415
3281 4873
496 4977
2033 2774
2389 2874
4121 3152
2569 433
2641 3239
3547 1207
3783 2451
4697 1359
45 3418
3777 1969
4309 2031
2431 3053
145 1442
1686 3001
161 4905
3656 4521
1179 18
4791 2732
3941 2641
451 697
1809 3974
419 2975
2650 3176
3751 3918
2541 4021
49 2131
4316 4853
2926 2945
4109 2001
814 1247
153 2839
11 1199
3891 3741
2889 1033
696 813
2333 4164
2237 1006
4457 1143
2441 3509
2273 3146
661 4993
125 3190
3401 876
2616 629
2892 1847
1607 283
3121 3509
2118 958
2272 3653
622 2143
331 3775
901 997
2961 3835
421 2615
1837 1461
2653 4778
613 1897
3058 2921
2250 2257
3457 1176
2334 1849
1261 2259
212 2951
506 1111
4381 3643
2083 4951
1288 2711
4669 3181
1949 2710
849 4969
92 633
2363 3469
3501 4049
77 1269
993 249
501 1561
77 2917
4593 4580
791 4953
2040 897
3927 911
3517 8
4191 3702
4609 4833
4181 2063
2863 751
4109 3376
337 4032
1691 3709
2625 1315
4833 2251
2701 4469
2773 3857
1865 4777
699 2781
4496 1069
4001 441
1374 3113
1162 1996
3018 1781
2741 3071
3587 2527
4377 2629
3011 4597
886 2507
1651 903
153 1229
3141 4947
439 4528
1953 2401
3717 3235
1631 2809
3328 1369
4001 2193
4941 3767
891 3628
971 2249
522 4410
3830 2270
2292 791
230 3569
905 3641
1628 2013
1569 381
1676 201
3510 4973
983 4313
3218 1748
1385 3273
3681 3697
15 1770
757 3496
4187 185
3738 2454
1967 4297
2968 4192
3991 3431
219 3876
4635 4209
4914 2361
3519 3751
1191 1755
2553 526
4926 591
4671 4073
1965 160
1061 1453
569 2089
3893 500
2136 4826
4657 368
323 4894
3225 1346
83 2133
4087 2041
31 1865
2741 4601
328 4057
3176 1506
1664 3635
4278 3541
4719 358
4113 4217
4297 502
4655 961
1434 75
3347 241
1967 4599
277 1544
2141 4105
1835 2679
2513 3222
241 2065
3118 2367
1972 147
3359 1172
2473 1250
4163 1561
4401 3230
2023 1805
1221 398
3534 2968
731 57
2201 1377
4991 4325
4577 1294
3586 3337
2676 999
2534 1371
4221 2048
3476 2117
41 2867
3703 4976
2801 1910
4441 2103
2681 4493
2801 3265
2711 847
1801 1988
3576 2133
1021 4591
2505 3491
1401 2076
3847 4890
3161 377
2569 881
291 831
2949 3841
635 4009
2501 2206
3961 2516
3201 3991
3706 4373
4966 2848
3139 317
4761 651
2406 1271
3905 2021
1972 2416
4971 1273
4841 4539
515 325
1673 2113
4002 4697
1228 2531
2923 2836
3201 749
1969 2071
3677 1141
4911 1515
943 2550
551 2136
1995 3758
1017 1466
2977 4913
1040 2291
4119 1177
2246 3626
1058 933
1529 1945
632 482
1441 4518
1358 3321
3941 4353
4629 4781
1058 1695
641 4861
3443 1951
3019 2505
2745 4673
1213 751
1313 2806
3145 3001
1949 1012
2489 2329
2059 1612
4301 3940
131 2291
3381 1561
3609 2895
1705 2793
4475 711
3753 4120
4173 1749
317 361
935 4126
2837 4409
4781 1630
4454 2381
558 4664
2697 809
4709 4503
1505 2873
501 789
3451 3373
665 4331
3741 4281
3476 1343
304 304
3385 1105
3995 805
3849 4756
2607 3376
1917 401
1 1962
4297 458
481 1741
151 2411
241 2013
829 3731
4229 1121
339 1569
2881 2838
1809 4686
3100 4439
3721 4135
860 1965
2308 4841
924 1
1603 3001
445 2288
900 4824
4556 2611
3169 4733
2101 25
3098 3536
1809 4587
2049 1947
1501 4127
2061 3388
1957 2551
4697 2006
1507 1448
796 4703
475 4377
1247 1757
1362 927
417 1423
1681 963
3385 2999
1426 1914
2077 3131
4241 4757
2457 3909
3947 4553
4481 3037
3115 3751
2927 3117
561 1841
2316 2100
3105 1501
64 2377
522 3601
1841 568
3521 2836
1867 2346
1256 3000
2748 3337
251 2937
3545 1981
881 4863
2291 1876
4689 901
1191 4161
1067 4375
1328 3873
1933 2258
4560 3290
1325 4863
761 601
4692 2861
3076 3261
4076 4323
2957 217
4639 1993
4408 4146
457 1216
2518 2765
181 3401
4849 4306
1472 242
3086 1230
763 201
1039 1103
1861 4801
4256 2830
4381 4756
909 1953
4301 687
4237 4660
271 4501
2961 617
1263 1121
921 3700
1251 2003
1257 1801
677 2641
1137 1436
4589 3533
1526 4329
4979 4278
1011 3129
3159 2117
185 281
4541 1644
4993 3116
1490 805
1569 423
1421 1697
251 1870
2180 3611
4074 601
4695 866
2431 2420
3895 4153
1966 1
4888 97
2526 4339
2999 617
3351 2551
4171 4093
4107 3787
2553 2545
3205 3281
4396 2721
1977 4585
1729 3187
2969 1941
293 2171
565 1151
3641 832
180 2569
289 3866
3012 4225
491 3099
101 1316
2539 2181
4225 1249
3589 1069
1121 3659
3255 4369
3246 1869
2817 932
2281 4545
4341 4535
65 3266
3551 2930
2822 4817
4985 3270
1557 2336
4021 387
281 2001
325 1859
3791 3836
3255 3651
1921 176
3024 3261
4765 1261
161 4985
4509 1497
2067 879
4301 601
1686 1026
4667 4163
4306 1289
4634 2959
3481 4665
2761 1521
340 1
1181 471
1337 2516
4395 2111
2540 4417
1967 4133
201 1517
1213 1101
1532 3966
3226 811
1151 3188
3729 1311
4961 2113
4585 3276
451 1117
2648 2791
4296 3481
2881 1427
3809 1701
1793 4036
2097 4046
1982 51
62 311
4491 3069
4531 267
251 2781
4546 2626
769 1306
2864 2221
2776 507
2817 842
786 4507
4296 4885
3350 681
425 4819
327 333
261 4921
4747 2741
1513 3925
1382 203
404 3033
1678 3876
4959 4781
4463 2893
1655 80
4846 1445
3201 3261
521 4251
2149 4337
3651 6
3034 1181
4639 2048
1611 139
1493 2561
4561 2939
3333 4731
4861 2022
3111 656
3428 4681
1881 3653
4985 3633
1175 97
1971 986
1906 651
4861 717
2325 3189
4599 2306
3031 1126
1186 4701
4515 1558
3680 4479
4159 4653
2361 3783
3235 3626
4073 4623
4815 2615
3350 252
3908 4809
86 225
2991 3481
4047 1444
351 471
321 3371
4550 3709
951 1553
1449 4887
3605 2763
2751 3643
2401 3277
1345 2411
1191 2569
3585 3231
3711 2829
769 2579
4942 2081
475 517
1502 1091
2551 2001
776 4269
2643 1065
1051 4009
4073 2829
2176 2101
817 1501
4279 3288
1345 1597
