5000
3987 449
4731 2259
4069 161
139 376
4379 216
2292 3529
2601 4973
4705 4651
3031 3161
1625 4251
3521 845
360 401
4256 3526
982 3217
686 181
2453 1503
2181 1437
3701 674
3145 548
325 599
1631 2793
4245 2569
1849 3953
2671 3849
1593 2049
835 574
337 1995
3536 4150
3676 3645
3889 2769
173 2225
672 1736
3405 3751
3341 1777
2201 4598
1641 3071
3791 310
929 591
1092 2327
4600 1924
1097 1513
4221 3691
444 3545
1441 4096
439 530
2781 4251
37 3025
3259 1316
2536 4543
321 4849
4613 4606
1491 3784
4579 1755
4587 3851
4001 1009
2375 1848
4396 1333
4613 1116
264 1361
1761 1889
118 401
2305 4526
4777 2996
3974 4831
3735 1142
3611 129
3585 3025
3701 4147
4321 3189
847 2483
2537 3737
4756 1885
1069 1812
1585 3181
1989 545
1073 1338
2211 3785
2563 4221
1898 1126
4737 2456
3829 2522
4909 271
2561 3731
4277 2425
3355 1617
2261 1405
1489 324
1053 1725
1123 3801
3893 3931
3913 657
1257 1033
1406 2779
209 943
2495 3101
865 4441
4801 4138
841 1961
2605 2189
3922 1239
3193 281
3377 759
3862 2846
331 4051
3789 2281
4013 218
1613 3047
3369 1342
4201 131
11 713
472 2231
3865 145
2781 2843
3761 2040
751 4991
3998 3645
435 415
521 2019
755 3346
41 4087
3449 2900
2287 576
2341 3598
3647 1496
2862 2396
2869 2011
480 4557
2402 905
4968 1997
771 2473
4076 1440
4487 2411
1039 701
2257 1183
1257 3758
2417 530
4095 4194
3813 2747
1582 1351
977 791
3641 1194
4540 2234
4621 551
3121 293
764 465
2867 1769
2381 4185
1301 3113
2081 920
3569 1931
321 337
2845 3159
4684 2066
4976 1021
4943 3533
341 4743
2265 2015
629 4593
4926 3807
1471 2641
2930 1492
4937 109
410 3006
4836 1355
3221 2601
2898 4752
4650 2193
266 4025
893 1571
856 4326
1729 2516
766 921
1967 2403
2713 4093
1 4833
721 1766
2330 1908
2281 2117
2761 2904
643 776
2340 3297
4285 3553
871 681
535 655
4085 1110
1751 4369
3123 2494
186 1281
3491 1
3521 754
3671 4841
1370 2470
1801 1361
3097 3337
881 245
561 1552
3569 1267
1606 2502
1903 2966
4903 4041
2599 715
4657 4711
2579 3595
4112 4441
964 4465
4065 3011
3201 1161
651 1473
2342 3703
1257 3701
3449 3129
81 4193
2395 4881
4030 4664
3505 2157
2729 894
1137 1189
1593 1121
325 3053
401 3233
2484 3665
1766 1641
1217 19
1663 3961
4841 3151
4457 3279
423 4861
381 4097
611 441
1065 2355
859 2721
3325 1915
1065 2155
1951 4898
967 1353
4757 3913
801 3412
2880 651
4573 4735
1171 4381
1422 117
228 4121
4761 2905
1883 1625
3101 4001
4065 3296
4444 4101
3049 1287
2744 4343
278 447
4353 1529
3646 1111
1331 2604
4709 1840
1765 4
1403 2063
4149 2326
3596 2395
1061 3313
2217 1004
3449 2916
412 1548
3953 353
2951 4588
2941 4666
4065 4062
668 2905
3401 495
1786 769
2312 1083
840 4292
4926 4540
3949 2279
2021 4253
191 1247
3001 4057
3269 1669
4705 369
3751 1330
1099 1111
3129 4171
801 3976
4109 4251
3940 1592
4239 2683
4337 2143
2685 2636
3833 2809
4077 2745
993 602
1069 4877
289 2981
2432 4801
1201 4813
4841 3889
2699 1590
3571 3681
923 2247
848 3200
2381 4709
4141 986
1009 333
1923 4781
3616 81
3225 4511
785 3326
626 3211
601 3965
2456 3571
3057 1447
233 1154
3127 1461
3340 2753
1683 4764
635 3049
1737 19
2891 1577
4256 173
3614 4343
1357 2640
3729 1221
1461 1977
2920 3693
101 67
2281 3476
4343 3885
947 1381
869 1241
890 4041
2067 4190
2881 2625
946 2621
461 4269
365 733
4435 2041
3587 1901
251 281
2909 4657
1185 2001
2041 2877
931 2002
1881 3087
3143 3576
1001 3741
2093 4849
1288 3592
3301 2941
4873 2213
1065 3967
2701 3821
3477 737
1705 2921
3717 1799
1121 4611
3585 4426
4074 3461
2271 1623
4126 2149
847 2529
3725 1905
881 1473
3201 491
2330 2857
3401 2242
3525 3049
2501 769
3185 679
4609 1457
3229 1749
1281 3785
841 2881
245 2177
2765 1393
2021 2021
2200 2733
2390 1333
3522 4571
4173 624
1142 2809
1749 987
961 4941
1615 1421
2342 1945
4601 3139
803 3451
1000 607
2761 2063
2026 3984
3095 4858
1658 783
1069 2537
1699 4885
3847 4251
26 3791
1801 4587
783 1903
3309 1647
5 4817
1177 669
1521 4881
3491 3510
3413 4623
2441 4411
4834 1997
4968 3729
1285 2289
52 2858
1596 2681
1849 1351
581 4375
3265 2069
912 2145
3765 2501
591 1941
3416 3249
4451 3775
1682 1407
3995 3945
3589 2843
4586 2017
3361 3713
1579 4924
1388 4561
2776 2716
173 4409
4395 2511
3047 1038
3481 1711
4077 3545
3129 2182
2316 4999
2098 1885
1764 2806
3145 697
2857 4818
2897 647
4187 1337
3131 3137
3410 1823
2492 4627
460 1126
2761 3253
3408 233
4980 1655
3813 1681
2655 1269
1873 4791
2157 730
2578 3826
2961 601
1915 1940
861 4441
657 4935
2041 3153
4813 671
4304 4468
4141 2551
3859 1441
1598 3985
1061 2009
238 3249
3835 3037
2781 3301
2289 1501
4788 3749
1005 257
1867 3529
2747 4551
3242 2813
4381 1561
1733 4793
4616 681
9 3271
2786 625
2449 901
1685 4749
3771 3033
2549 2821
4001 813
3151 1313
2550 3675
4907 19
1580 15
3001 783
571 2121
2673 1952
3632 3601
1306 1297
3386 1313
4533 4063
3263 2721
2949 876
4431 4605
1001 2681
1781 3748
2045 3745
2753 3501
191 1407
561 4396
2141 3137
2996 501
3399 395
2069 623
2201 4514
3681 739
1171 623
2091 3113
3821 2490
3668 3153
651 713
4018 4821
1653 2476
829 4527
2787 2097
896 3041
633 1549
196 4453
2458 2109
2371 2263
521 2401
1603 2874
2149 3713
4975 4499
625 1466
3234 3036
3283 2294
1855 3440
4745 4393
1337 3029
4400 1760
667 4923
3569 1297
242 4069
1441 4174
4501 3295
2839 2297
2985 3935
950 3176
4177 2629
3723 4309
2491 501
3443 2521
4889 2376
1935 1565
369 1697
992 4212
897 1457
3219 1460
4347 511
3233 2428
1345 4696
4580 57
1045 1437
1525 4977
2985 4453
1681 100
1459 1621
2086 685
207 2161
1291 4178
1395 3505
473 4761
2401 2428
3708 729
561 4066
3417 3559
2321 291
637 2834
714 4857
3952 1153
4957 1376
1126 2816
951 3888
1841 389
4597 754
1970 3381
2211 747
1313 4101
4519 2385
1045 1126
2205 4993
5 3591
1659 3756
3383 4065
469 515
793 2736
2890 3561
1702 4749
4401 4534
4617 783
2365 2057
4801 1067
4449 2961
3116 351
1501 1685
2586 745
4362 481
4719 525
27 3893
456 679
2433 316
2454 4522
3541 2657
4289 1541
917 717
3969 2671
4446 3945
1187 826
109 4297
3389 1004
3409 2851
3857 2447
2691 4373
669 1975
2523 2940
3700 2775
4337 945
2561 3471
4905 88
1106 328
641 2921
4961 4216
11 159
2157 1729
3673 587
4600 3433
1251 235
93 27
2135 1341
4921 2795
1171 1049
467 3294
3158 3946
4317 1250
2157 1296
717 340
2487 3096
3939 1332
4197 4584
1285 231
1653 1981
831 1989
3999 3865
928 1512
4980 745
881 2916
3995 2637
473 1241
1520 3822
1406 1661
2663 2269
1781 4785
3463 2707
1047 2321
719 2561
2943 1
4106 697
856 733
1996 2171
3313 2783
201 3813
1270 3594
4256 4581
761 281
2061 1817
873 3999
4583 126
380 4427
2214 4981
2132 1977
1598 3801
4547 4913
3544 165
2599 3881
3024 2322
1377 2301
1009 493
243 4319
4241 3158
2641 4733
1527 1657
2801 2073
3921 2237
4141 799
4393 4893
2921 1165
3478 3337
1316 3083
4481 4851
1927 401
545 4300
533 4646
593 4743
4741 3269
1872 2309
1017 111
529 3627
17 4129
4405 3601
1305 1873
2901 3037
3987 1291
783 3027
561 1063
2351 4907
3120 4259
3969 3351
2946 4683
341 1876
849 2626
3200 2761
3111 2781
3009 4571
4446 2849
1215 2213
4387 3681
577 4389
4186 4417
1261 351
1113 2009
2537 3629
1966 2391
4826 1357
2163 3805
3021 1051
3976 841
2017 3262
3877 3114
1825 819
3959 4817
4106 3843
187 4199
1471 4977
2861 2382
4026 913
2886 681
4421 2357
4658 3904
1051 1798
4224 1683
3009 2301
4207 797
1809 1125
971 1705
2311 3169
2011 697
4345 2817
3905 4065
3663 2551
1701 561
632 4421
2567 4455
4051 3515
2915 1
4549 631
1861 3714
4581 3300
286 4328
641 595
3636 291
331 2231
4432 3321
2763 2016
4001 859
991 4301
4997 4975
1796 4503
3573 4625
3795 2107
4597 3793
2369 3268
1552 985
4321 1513
3991 4704
803 4141
2123 2686
2761 4185
212 1809
2366 41
1318 2793
4233 1296
495 1257
3145 3311
4231 1938
1291 2553
3403 2499
245 4734
2051 2841
4170 4043
3666 1145
2913 1658
359 1632
3001 1873
2652 2337
4989 1121
3361 1078
1921 3385
866 1581
3087 4541
3845 1178
4891 929
633 1521
2533 1801
4721 10
4841 4129
1891 2101
89 4282
2841 2099
4265 3031
4558 508
3601 1297
2217 1087
4610 1796
4953 2169
536 101
969 4936
2309 257
1986 3861
9 113
1079 2497
247 2425
501 3221
4443 1901
1911 394
190 2685
4111 875
1561 1281
13 1681
1634 4891
3171 4969
1609 3241
1873 217
4519 56
4781 2606
4441 3193
2536 4901
1926 1517
4738 3501
2731 1542
3996 73
4053 527
3671 350
3281 3467
1987 1801
4625 4817
2521 825
3817 3780
1795 4553
2906 1702
61 3049
3859 3451
617 457
2423 4025
4529 4409
201 513
2512 2231
2508 3803
2659 4111
979 1537
956 1469
609 535
3149 1993
1691 3715
4119 3168
509 321
4401 4913
3701 3178
1480 101
1193 4441
1097 2101
2651 4711
1192 781
4167 4041
1569 2351
1113 3465
3441 1829
2027 2154
413 1390
2551 4344
1205 524
3411 1998
4121 521
2177 1751
3886 41
3861 2846
4686 4285
2147 224
1549 566
4566 4623
821 2281
1199 4943
181 306
2137 3625
1711 2811
1093 2043
186 271
865 2347
2775 4951
3669 3713
4451 1139
2859 1133
3771 3391
1953 3284
2007 4441
3599 4400
4971 2833
4185 393
3649 3781
4266 2749
3387 4685
2021 1415
3711 3857
4721 2697
1675 28
709 702
3774 3471
3349 2101
4465 2559
483 4157
2807 615
497 268
2593 3954
2333 585
4301 1668
1273 579
4829 2817
177 1381
2611 2784
4029 2443
4079 449
2731 4165
335 3953
4731 2217
3346 1249
4393 2561
3169 4254
2585 3382
4625 2100
2242 161
851 1209
4876 449
2363 4905
1465 3315
3765 2343
3801 3081
1804 3297
3801 1385
1937 443
1727 2581
3509 4327
3865 2145
769 2389
1685 1743
3631 2683
2457 2905
1129 2641
2918 4006
4385 2261
3756 2497
1091 2738
3625 1676
1801 1686
4233 3265
101 111
2079 1618
4921 4496
1505 4865
1150 1636
3405 4371
3689 1562
876 941
353 4669
188 2001
4126 3425
1941 4237
4441 3989
3899 3789
808 4509
4941 1107
4125 3724
1343 1201
1251 2360
4981 3025
765 3251
3681 1901
2471 3239
2561 2328
453 777
3533 3945
2393 3873
2789 2491
3250 1589
2601 3641
111 3071
4411 2465
2121 1734
317 4683
4565 926
2131 1469
1417 599
3858 3808
4663 3807
2465 2458
3633 3107
1107 4401
1689 3521
3248 2364
2905 2001
1306 2620
1426 3361
751 1365
4780 2006
3907 4273
461 2276
3316 3027
4535 929
3686 1531
4344 3564
4849 3108
1713 3568
3077 1089
2201 4061
4356 2751
4041 569
3226 2341
2977 1966
4499 4243
3197 1837
1396 4687
3305 3703
449 4071
4086 3977
2734 3001
2825 4446
1801 3124
3367 1869
4778 3417
384 3321
4283 1922
1569 9
1258 285
1406 3390
4201 3495
4871 105
4244 2591
4202 1275
2829 4417
3137 1042
1061 2883
161 1389
1707 3708
130 3926
2982 2529
4267 2113
4691 481
1439 1537
2593 3305
2794 721
3387 3476
2191 1065
2721 2186
2697 3415
39 2953
1491 4266
197 106
1671 409
4627 1025
849 3913
4144 597
3891 4082
3326 264
246 1237
3961 2063
3877 9
4376 2470
4424 629
377 3041
3801 4169
2993 2033
3385 131
3321 4440
3189 866
1761 3497
846 2921
4164 4401
3857 2057
3315 2757
1587 887
2192 977
4451 2113
3677 1409
1111 4853
924 4429
3081 1324
1561 2605
191 4856
3399 4151
3951 3192
3536 2253
2895 2595
2181 441
2623 561
1241 3087
2651 3516
3793 3830
3831 2981
523 2240
3843 2364
3027 4299
4581 1506
2285 2393
1743 3230
2393 3251
3751 2001
657 2765
2807 2212
2425 3467
4347 1351
1026 435
4521 1816
2401 1681
4321 1169
4875 4105
513 4182
3299 1649
996 3637
471 4151
501 1711
1619 622
150 831
572 3001
4924 4994
3193 3793
61 3936
4857 4465
2709 4766
2201 3561
1098 2389
4511 2766
2633 1281
4084 4544
241 2545
1751 2437
2694 90
2891 3249
3273 1189
3442 225
2325 2426
3656 901
3129 3701
365 4569
2413 3532
2961 4613
1821 2021
2913 2425
1201 3382
1015 4901
3401 4661
1521 3866
2793 2451
1241 4097
3445 1006
4487 933
4271 3171
493 3857
1409 893
2509 2741
4171 2511
2601 3850
1323 673
4327 2447
3181 2952
161 2761
1151 691
149 4660
3479 4663
3071 3385
281 4008
2231 541
2671 1681
958 2425
2533 1571
3181 377
969 121
2505 1601
3505 1313
1051 2570
1437 3851
489 551
1957 4996
4168 1086
4305 395
1947 3881
649 1119
3501 3825
2388 4616
2091 1061
1013 4757
606 1633
4501 4313
2534 3837
3566 1197
2781 2436
3334 201
4303 709
1633 4320
3301 2467
2777 2175
4207 600
3815 2501
3441 3559
2787 3597
686 2193
1737 105
3321 1601
2461 2937
4624 2946
3451 2841
3217 2933
2424 4105
239 2595
1185 313
2481 311
3321 4379
2220 753
2431 2062
1851 1271
2947 3568
3803 2651
769 1517
281 689
1072 4126
1825 4426
1355 146
3605 4137
1041 2122
3131 2088
3779 711
79 2641
971 4861
2831 2181
3107 2149
815 625
145 315
4251 3567
4161 2545
533 3089
1517 2133
2161 211
21 2629
2941 1091
4857 33
3941 1977
3695 3081
2985 2530
349 3636
3457 3897
1863 857
4601 3226
2081 1905
445 3001
4551 2687
929 4245
2073 3226
1201 2109
4781 2297
2598 2201
4122 2744
3193 1205
4253 3281
459 1571
4489 683
2230 3839
4192 1649
31 1411
1849 4474
833 1985
2012 4593
661 4335
348 241
3953 3485
2119 4077
2401 3436
1101 2081
1456 4526
287 281
62 3881
1724 3577
656 2023
3176 952
3545 468
3241 1441
1444 66
4674 2985
1703 2888
3729 3141
2550 2089
2529 3870
2113 913
983 821
1336 2173
433 4025
2485 4029
1882 1096
577 1766
379 1421
1861 821
4540 3421
4606 4791
2049 4594
2193 1210
2080 3800
2269 4241
4236 2890
165 982
2139 3785
3531 717
4798 4004
1821 3626
3279 420
1879 175
221 3861
81 4041
117 4753
4297 2740
2401 479
4357 3885
3591 1773
267 818
2763 805
41 1996
621 961
1573 4436
3859 139
1432 2265
1171 601
1801 2453
49 1526
3736 960
4242 3513
265 245
265 1151
1714 636
3766 2444
3921 2522
3161 2269
1371 2751
3030 4025
4761 1436
351 619
2690 4901
2133 3361
1105 2393
1728 4131
2089 1654
2825 667
4688 1083
3237 2483
1881 2585
451 4329
4818 1141
495 4357
1010 161
4171 1473
271 3505
3295 1366
3829 1213
1105 2001
1802 1601
4551 681
2496 4069
2554 3825
1547 2200
4662 2601
2769 1369
33 1255
2821 3381
4779 3625
3565 1241
2587 3965
4193 860
1333 2109
3849 3061
3825 221
4998 141
420 981
3609 1605
3037 3343
4943 2551
4054 2801
4916 2285
2099 921
3671 2608
1633 1817
1577 3253
2626 2866
1581 229
4026 4650
2985 3784
873 259
2906 3172
3737 4421
2404 1593
4657 1633
4784 4131
3817 2091
361 1132
3349 1221
3001 1287
4516 2219
3401 2327
3589 2903
4507 2073
213 999
4700 4024
3188 201
4933 3859
257 897
4006 1433
1383 3411
625 3397
2257 863
2051 773
1931 426
811 4886
1182 327
1106 349
2953 3501
1404 2161
3398 161
1529 3023
4336 2902
2145 761
3489 48
3344 921
1578 2221
473 3225
401 2121
1777 2931
2751 1129
4251 2655
4799 4482
1121 1493
4125 4577
1401 3360
3441 1721
1761 1929
2245 1791
4347 4934
1675 4273
337 1267
2193 4291
1475 1000
74 2373
4281 3559
905 1646
3689 3238
357 4153
3984 1941
1989 1529
4146 1829
1842 3872
851 2821
261 4625
2979 1213
2795 3657
45 3251
4965 1351
2377 872
3222 3155
3265 885
2261 1844
1245 3021
1199 4913
673 3129
249 1201
811 2347
2741 657
3113 3913
1329 3645
3285 3451
1369 2887
1721 767
4083 3977
4403 4693
2014 4049
3431 3951
3223 2725
941 3537
3185 1285
4301 3210
4001 4385
167 3662
4501 4125
1353 2881
419 256
2101 2092
916 2142
3105 797
3685 2673
1295 2441
1612 4211
2495 1888
3602 1729
1043 1401
3731 4698
4437 1451
241 3311
2601 2925
541 480
3577 3085
4155 3381
540 1284
3747 1819
3945 3553
4914 1269
3056 4101
2425 1828
4481 3266
987 3486
3677 143
3016 1051
3586 3181
1493 2201
3220 1043
2282 1501
1851 4305
2588 3032
1175 4091
521 3661
668 133
1260 4225
1665 2141
3216 4650
1407 1616
3579 2879
1389 4817
2873 2208
3350 4260
1551 4387
2401 3976
2705 4626
3003 109
1621 1798
2056 1762
3995 2393
4471 1973
3643 839
447 1477
4163 1828
913 1901
142 1048
1569 3569
2674 2073
1401 2361
2364 1641
597 64
3519 3425
425 2503
2185 386
4825 1636
2233 785
2986 2711
4314 4641
2649 4505
2042 2155
4785 2067
1401 1188
3453 2685
475 2641
3301 4191
4435 1617
1421 2100
1401 2217
3377 1715
265 4453
1901 4541
2550 665
3179 1140
266 1
405 1337
3611 1307
2038 1076
3289 603
1507 2975
3983 4140
2201 2381
2011 2402
4289 1411
4133 3441
3953 881
502 3097
1297 3177
1801 2745
2321 4525
2081 2531
755 1866
750 4729
1065 4201
2163 211
2903 1011
4101 2587
367 4265
4443 2241
3312 2641
2052 1396
1356 2376
41 1626
3778 3104
4133 4753
1616 2291
3383 687
2266 3017
4117 3578
4472 4078
1522 4924
666 4801
3431 3415
3823 4361
2201 2848
1991 3573
2043 3041
920 4181
2701 1781
4597 3636
1705 2593
3313 2385
1601 4081
1762 2526
263 1393
776 1331
2743 2731
1601 4444
4582 2701
2401 2057
701 343
642 3529
4711 4286
3483 2006
4973 4521
3245 4905
3978 4684
4159 1121
1761 644
1413 3091
31 203
2976 2316
211 2684
2751 2005
651 3389
1453 3337
11 3993
441 3539
3105 4673
3695 2301
111 129
1531 542
979 1043
3493 4217
3207 3449
4553 53
2720 2126
235 1806
4593 3825
2385 4634
1761 473
2468 592
1593 1517
1239 3337
1209 505
4369 3583
2881 3512
426 655
4673 2841
2108 3081
795 2472
902 2517
81 2823
4286 2200
4871 1571
2195 3081
3183 3089
561 1017
1561 2106
1 2741
2976 1641
4571 2801
4805 585
291 1738
2425 513
801 1897
3315 1289
2649 247
2743 936
3148 2393
4726 846
1701 183
711 4403
2105 2569
3360 460
2625 1789
645 3627
4561 2129
3900 4860
3511 1795
1710 2397
1461 541
4085 3817
4046 1475
4381 1521
4493 357
1825 1207
2281 2286
953 3771
1518 2385
3647 1871
1341 65
1593 1476
1401 2801
1436 461
1663 2629
285 4685
3575 2439
1185 4061
2803 1273
2997 2993
2969 477
3153 4049
4441 2361
807 1656
769 2041
2206 4316
1511 2776
1043 1091
2289 2986
3051 751
101 4196
2449 1656
2243 3347
4961 3895
3644 3771
305 1773
971 663
2123 1721
297 4727
4905 1981
2081 4449
996 2876
1331 2743
1572 2609
4569 2605
345 3201
2348 2137
3722 2866
602 4688
3571 2109
2713 1
2196 4093
1866 4505
1621 3581
3850 251
3621 458
433 3521
4507 1535
321 4009
737 2981
2145 1961
4556 2169
1359 4265
4341 2401
4541 4041
649 187
3641 906
1539 4217
3429 4833
2501 2986
1136 2919
345 938
1101 1414
3541 3316
3097 4054
3157 363
4059 2142
1264 585
421 2898
78 2367
735 2062
3929 1593
3881 4025
1783 4969
65 1090
1006 2566
1797 4801
3063 2325
3345 2261
2854 2087
1385 2411
3753 2876
708 3149
1200 4487
3865 448
3689 1354
641 118
4533 101
1625 203
1561 4827
4155 900
1848 4681
1765 1976
2131 682
285 1809
2583 741
4277 1351
2731 3369
3601 2121
409 1682
3041 2241
879 879
4495 2246
677 3003
1401 4357
249 2576
2528 1515
3859 1295
1549 1031
3672 3833
2961 3202
1140 2861
568 2793
4167 4348
601 1673
4701 4126
2832 4995
2591 2601
1347 3346
535 3597
3873 3061
3623 3081
2566 2071
2956 2043
4169 3331
831 1387
1801 3241
1266 61
2290 39
3805 969
4515 1161
990 3849
4321 2217
2325 230
2506 357
4681 2199
4146 1441
1235 192
3801 4859
2242 2051
4723 1305
4233 1025
1601 3171
2227 1289
1251 823
1 4845
2141 1129
2529 3431
969 986
2673 1441
3885 4538
9 1365
3117 351
4001 4545
2549 4797
3747 3725
3749 4313
1931 3336
1731 1417
3876 3849
4582 3765
4610 1913
3765 174
4573 4847
3187 3465
3198 3745
4411 3701
553 4083
181 1883
3939 2237
2323 2499
1994 3698
4617 1321
3706 3657
3169 3176
2921 3685
2757 1001
3261 3698
1986 4052
624 4887
4432 4068
4668 4121
4609 3858
2633 3487
3033 4326
3801 3711
1049 341
631 806
3022 2222
4412 4589
4096 531
3281 1401
1057 765
3645 1847
2289 4895
2235 2021
1009 2381
4529 1561
2721 1510
4125 4515
103 3136
1391 3679
251 3786
3885 1931
2225 2664
2816 4019
1565 436
1130 3104
2586 938
3677 1223
4669 401
904 4611
2716 4477
1610 2864
3371 3621
2227 769
809 3311
3537 2599
4821 131
4998 4836
125 141
1903 3345
1276 2496
609 2999
3471 1463
626 4365
3817 4887
2764 3121
4105 529
3041 4054
2781 4249
4354 1587
4531 4864
3885 3209
4161 1451
4381 1993
1697 229
305 281
4406 3177
401 4581
2065 2865
4628 3665
4539 3321
2497 2329
1022 2359
4145 1081
745 3477
1913 2591
553 2593
3161 961
3721 513
3001 4385
2417 225
1126 1433
697 777
3723 748
1035 2581
659 201
251 3514
1657 1878
1102 1657
1167 2121
1 2599
2817 2538
3521 3014
1621 1023
3536 3112
2605 1653
4731 3745
1146 820
1479 3892
1244 4801
4113 2385
3231 3941
3141 151
2989 2473
2172 3241
4009 4516
2937 1009
534 2770
2353 3895
71 1746
1361 3086
4909 2899
1789 590
3881 1656
2960 873
3751 181
2777 3471
4921 4996
3751 4937
3950 1514
3710 3759
109 99
1936 4793
1801 3604
2029 1360
4566 2863
3401 2346
1231 4169
2633 2281
1173 405
1481 19
2826 406
2097 2151
3254 1601
1345 2744
1801 69
4901 1386
383 2693
3112 151
2977 4689
155 3071
1557 2250
380 471
2151 1481
2576 4329
501 1536
4212 4925
591 351
3437 2399
2923 4322
3915 1536
3710 4553
2581 622
3247 2627
3301 2685
846 3337
433 2345
2767 209
487 3577
1699 558
4391 4089
510 3109
3709 3051
3163 1840
4041 2089
1283 4913
4625 4055
346 163
2772 2801
4734 3696
4951 579
4526 2461
3109 3940
2562 4243
3961 2577
2680 953
2411 3134
4809 2782
4361 1407
3356 905
2692 3249
1013 2155
1050 3215
2616 685
521 3170
2001 4513
486 2209
2149 1340
1939 831
1467 1011
4653 225
1289 4981
3599 3321
861 966
4651 633
634 2001
3567 637
3001 2239
1407 591
146 2213
476 3211
3155 1417
4399 3219
3537 2261
1489 3846
2501 3489
4649 1917
2833 2331
4145 3631
4772 2111
3607 1173
94 87
2471 351
4101 1148
4721 1
344 1875
1753 4611
2303 2761
2327 4801
1522 3769
4925 2112
4303 1221
2041 3621
2347 4311
3574 15
4129 2585
1319 17
2981 502
4378 324
2295 4171
3058 2877
1985 1107
3145 3226
631 1148
1724 492
3125 2521
1243 3586
2818 1899
4039 1451
3294 2621
2737 651
4959 2673
1235 3369
4214 3375
2601 3531
873 1665
2074 4392
776 1121
4209 3321
2131 3069
1657 485
1385 4121
1501 1473
1767 2123
3037 497
1225 541
3909 3505
1072 561
3005 3
1601 2843
948 2493
4673 132
609 263
4097 3091
1038 17
2534 3453
1725 1738
1 4438
4961 1569
161 2793
2141 3017
1086 3105
521 1650
2750 4321
3751 1496
1253 2809
76 681
2417 4881
137 4041
1201 4121
2801 93
4837 1909
1751 201
1106 3935
4894 457
2373 2561
2057 730
3809 3201
48 1314
913 1329
1393 1553
1725 683
4790 3489
2347 3503
673 2831
4311 2515
2554 2321
3401 4601
427 4773
1020 2491
2497 408
2704 2513
4091 72
3473 3895
3378 1047
713 4971
1306 1271
721 448
2889 4601
2228 1209
2656 1265
2611 576
1101 3293
921 4434
3033 1639
1581 1801
3407 4187
2501 1516
3503 4481
4757 665
1023 3421
377 3577
1763 2081
1784 2757
3513 3393
3501 1471
2947 1601
2386 794
3165 93
794 1665
2145 4973
4221 893
3777 3241
4565 2793
3049 104
2075 4589
2702 751
3366 1817
3073 263
1321 4896
3502 3198
3817 4021
417 573
4170 2247
4479 2865
272 1169
621 3759
751 901
1401 541
151 4045
2241 1789
2892 2985
3026 4929
1283 1425
2985 789
1221 1041
1135 4887
1817 2113
3719 85
1805 1729
2657 3575
3811 1049
2641 4513
889 140
697 2016
3511 3756
3121 2004
3249 2357
4484 3377
836 4755
2921 2611
1658 2376
1501 3259
3345 2489
1839 3489
3562 2681
1509 601
4210 3361
27 2553
1443 2764
484 4040
629 403
4477 4545
2311 1701
1201 1101
1876 1948
4027 3745
1455 2991
729 2781
1355 2149
1599 2569
4791 1311
692 1371
171 897
2253 3509
4177 2970
3153 4541
3749 1431
2725 2119
1166 1325
3381 2101
4989 96
2326 4431
1391 1993
2212 4471
3809 3479
3631 4585
2557 1972
4893 2137
641 2706
4879 261
2305 621
4551 4831
3517 3051
4579 2001
426 659
1780 1185
1641 2937
991 4858
3251 3469
1344 4821
2593 743
2315 2990
4529 1909
4961 3725
2603 2417
4425 1812
1163 3541
1542 736
726 3751
4461 705
657 2577
3097 1902
1323 3925
2418 2031
1811 3083
3799 2891
1521 1833
1063 2969
951 2535
2525 545
3661 1891
489 3173
4015 3401
772 1584
1172 1211
3029 3025
2517 2213
3841 2801
4393 4061
2961 385
2673 1443
3443 527
888 1376
1095 3751
2376 4881
1630 1345
2387 4737
3597 1462
913 489
1885 1979
3777 1697
3833 3739
3593 4853
2601 4669
3316 4276
4067 1429
1515 2153
949 3581
593 1681
713 2201
2701 1821
4206 571
2154 4059
4357 2977
786 429
2697 1399
2748 1841
279 2901
1663 427
1445 1991
3045 2701
555 2541
3331 4739
782 3330
3321 2517
4036 2321
1182 544
4311 791
4059 4966
3333 2001
895 4601
1232 4929
1737 3091
4761 111
4801 4490
1427 2051
2549 3801
2763 4986
1405 4958
189 1165
3595 3269
76 155
4821 54
1758 2
1081 241
4821 4207
3731 1250
321 4880
4577 3737
4356 4371
25 876
3209 4063
3593 4854
1926 1116
3154 1895
207 1393
4293 1003
4473 803
1781 343
3821 2213
4201 4729
2911 2953
4881 4812
72 2301
3681 1921
3225 4707
2387 2891
4141 1654
1961 762
2503 3325
2293 1174
2456 3849
3545 1857
2972 251
4123 4849
696 3559
2527 2209
4471 3286
2342 1737
1414 175
1241 633
4475 733
3293 3148
2573 119
2668 37
4860 2579
321 4121
2601 796
1181 1523
2910 1681
3573 1641
3807 3881
2901 3849
305 4759
713 2201
3817 1269
1133 82
2188 3841
2036 571
4923 681
610 4745
2448 4201
4327 127
4043 1198
2401 17
235 3521
1217 3817
3776 3374
4781 1223
4661 334
338 1489
4526 227
1011 3105
42 1879
961 3707
2075 3205
4467 3518
425 4435
2717 3460
4161 17
2905 2709
3491 2539
3021 921
4205 57
3175 4342
4450 3891
2465 3896
1167 601
4077 1593
2305 2373
1987 2049
3692 613
4390 271
221 205
93 4433
1549 439
3694 2474
4318 4321
1259 4906
2595 3076
4189 899
3089 4777
4707 1671
4291 3741
4286 1985
1553 1238
1406 3761
2993 1017
1608 2740
3339 817
1855 3197
941 2625
3111 2441
3721 4405
4020 277
743 436
2476 4122
1791 1638
3037 2801
1624 1454
567 656
421 1191
3575 4756
1180 704
4253 3201
3345 2049
2391 4041
3169 4044
3733 859
546 657
1625 1957
889 4881
331 1297
2727 2169
3886 3765
532 2340
3409 853
601 1883
3605 724
4119 116
1609 3812
81 401
1445 3647
3925 415
1177 3533
765 1856
146 1539
491 3576
4689 2559
1209 3477
4361 161
1415 2951
3355 3817
3481 4900
3187 4316
2616 2187
3451 1643
2416 805
3043 1636
4681 1376
3141 2197
513 1861
1917 1977
4978 386
2376 315
164 1489
3665 1313
3169 2815
461 4100
3649 4335
3197 2281
3517 4711
4597 66
4521 2595
3351 4321
2710 4205
851 2013
2840 4623
3096 2988
43 4269
2415 1301
2848 1583
3321 3441
1709 4623
2281 438
4141 3481
3555 421
3416 467
2574 1957
4745 3456
4201 441
1481 91
4046 3416
4081 1317
3081 4401
3745 1765
4787 4896
2613 3902
423 3385
4610 1987
2709 609
2867 4856
2377 991
4733 1125
3641 4385
65 2017
2291 1413
2624 121
801 3093
4489 2162
660 1681
2625 3774
3836 966
2832 481
993 2163
161 2116
891 1495
2294 2505
3259 2708
3159 4302
4761 2289
1899 1
489 1326
2376 4801
561 4671
2501 1833
2941 4143
3729 4119
3552 3053
3881 3758
4859 3276
3128 4369
409 2793
345 3865
3572 2171
3889 220
2553 792
2214 3151
2317 4825
3511 2953
1370 2961
4501 3497
4025 4961
153 142
3682 1267
1401 3441
2315 3143
45 3729
4613 2893
3057 1361
303 116
4439 3133
3435 4109
847 2535
1705 2761
1531 1141
3055 9
4527 1613
1361 3709
947 4295
3721 3713
1046 289
4804 4665
410 3232
2876 2777
1758 2801
1553 2929
1056 441
1417 299
3733 3584
3153 1261
3451 2657
1741 2832
2172 3141
2069 1821
297 4339
4303 2840
3071 937
1561 1234
81 3663
86 3363
251 3704
4297 2721
3589 2181
4801 3945
2957 1201
1701 3521
2926 865
1705 4161
3503 3619
3355 4421
888 60
1097 3463
2759 2965
870 2440
4093 4253
3165 4526
3822 2530
841 247
2466 993
2417 4821
3325 2521
1097 3587
3169 503
1489 2456
4351 3184
4817 533
1679 3656
1380 386
3933 3953
2529 376
3321 3171
1534 1361
3511 3584
3184 3885
4311 4849
4201 856
4291 1331
3661 1801
3313 1
481 4231
2201 901
2296 4440
2816 4745
4272 3825
441 1829
3508 1861
2545 2529
2925 4464
2661 493
2349 2112
1306 1211
281 1735
3177 3985
2911 3536
4473 3217
1765 4214
589 1024
3137 2641
921 3202
1591 3464
4033 1056
2843 2503
2552 2805
1444 3779
4381 4321
615 4489
2001 4357
1257 791
3836 3511
2319 449
1377 4398
2985 2001
3317 601
4089 65
734 1303
2851 4987
1023 3264
569 1159
4112 1131
3253 4577
3093 1447
1861 3725
2899 469
1918 1769
3531 4073
1968 2363
2001 1253
1989 1251
376 4323
2237 2811
3220 2885
2697 4941
4389 921
3938 3697
981 3271
146 3225
1781 3649
479 1703
4953 2056
2537 2441
2756 3649
2233 3203
4953 2481
4463 1616
3401 3000
1653 3801
3546 2469
4046 41
4537 1337
643 1
1293 3611
1263 3089
3815 2501
4057 858
3501 4317
4520 1751
3291 4009
234 287
2217 4651
1321 1965
948 56
793 3661
2653 4447
2129 1177
4601 1236
1011 1476
1645 2095
1625 50
217 3776
3139 561
1458 137
247 4949
1461 1829
977 2900
1872 1742
1401 2532
2929 1601
225 4746
545 2971
4248 371
4462 2066
1083 2148
2899 2801
3755 3549
3005 1433
3286 1921
1710 239
353 2225
3297 2030
329 2817
4137 925
2201 4571
2526 1719
1085 1701
2401 2761
1441 2873
1685 4314
1200 1705
3553 2857
691 3709
2792 2744
311 1623
4185 1279
514 3449
1457 4265
2337 2376
436 181
881 3841
3973 2431
1075 116
2181 4527
1901 3986
533 2254
1777 711
941 2327
2657 2069
3563 2926
1171 4173
4519 48
1325 2854
1971 2301
2233 4921
1545 2855
1251 2657
4352 384
4937 3135
1551 416
4881 2375
4433 4649
3665 1522
4298 999
2126 464
3953 1781
1865 1001
1105 2084
3099 1246
251 1345
3433 262
2066 4036
917 2246
1909 2651
3201 2786
1376 3076
3521 56
3071 3191
3499 3135
2833 2153
3093 2459
4806 1051
4759 4337
465 801
3211 111
321 3225
758 2188
1412 3212
3625 4993
216 4829
1537 881
1987 4817
1397 3457
3561 4867
763 3561
749 4628
3318 4036
3133 1781
1041 523
1331 3801
3246 3691
935 4212
2912 4364
2649 1396
777 1179
2903 189
2417 4057
2310 4081
1641 1553
2417 432
2513 4105
4961 4504
4110 3557
4625 4388
1031 3393
4951 4085
2289 2957
3937 4017
3905 3011
4717 2110
3509 2852
3501 816
4613 2842
215 2728
2877 521
2137 3118
2478 1451
621 2427
4131 21
661 2124
1972 3817
4385 2585
4761 4881
4589 1
1921 4349
2328 3521
4873 134
4693 936
3013 3505
4148 2913
3670 4880
1791 2161
2677 176
2707 593
1397 4261
401 175
1125 1179
4309 1981
611 1045
2912 4240
564 1126
4173 4053
3383 2742
1893 970
4736 4426
861 969
4129 1100
1613 3105
1905 436
288 1537
1907 3613
401 4492
2743 4709
3443 2786
3882 864
97 4209
685 3161
4811 1837
4937 1441
1251 3261
2314 417
3033 1628
4854 3477
3617 2655
3253 825
889 193
1121 2930
1735 2033
4006 889
1236 4146
3560 2572
4807 4569
1269 3751
3569 123
2686 595
2258 2627
3213 1499
2782 1797
4949 3473
1771 2837
3187 4997
3345 3251
1193 2361
408 4893
2015 4179
4801 4777
4655 519
473 4710
4276 271
1416 60
433 1189
1144 97
2801 2955
2261 3807
135 3671
4227 34
633 125
401 2469
3661 649
1350 4961
1099 751
2456 2251
1735 1662
3351 2925
1517 4089
451 4107
2455 1521
4501 2023
4084 2686
4921 697
2947 2331
1909 3469
2501 3220
1639 2183
3150 2776
2319 2713
691 9
1607 3289
2681 1344
4181 1937
633 4121
3147 4361
292 951
632 1771
742 379
4081 4085
897 2239
115 2495
1233 921
25 3209
583 591
325 3341
1166 4671
1603 1126
4545 2975
2548 4816
2007 288
507 3434
77 1741
3580 3072
1581 3501
2744 2066
2866 1715
2699 1526
4637 3071
3211 2277
3041 3969
225 2614
1612 4841
948 2309
1401 1292
4671 373
2247 2281
2457 1047
4596 3041
601 3001
4529 1111
1426 4521
2297 2561
4653 2245
4000 2922
1607 421
1086 3377
2529 251
3751 989
3361 2873
2254 2257
4477 777
3721 961
1357 1363
1257 186
319 2169
878 3039
353 432
1586 163
2751 401
2489 2645
91 3401
3489 4451
3035 4043
2721 4029
2626 576
3641 1753
3641 1887
2945 1597
3247 3439
1081 4849
22 4693
1923 2650
1566 3026
3243 3323
1376 4500
402 1006
3137 4801
4686 1504
2450 2014
1568 1057
1243 2130
829 43
4371 4183
3901 917
491 4151
3008 1122
2837 976
506 3552
535 801
2386 4233
3416 2981
931 2001
4327 4001
141 4836
741 3264
4617 3111
3822 1649
4965 4785
4970 3028
4409 950
4900 633
2677 4710
1272 4080
4001 1033
1394 212
1076 2952
2202 1769
4393 1748
2571 4926
961 209
2503 1109
4041 501
1443 2731
2088 1675
4458 2625
3861 916
2901 4860
4297 2401
684 2684
1665 379
1001 4678
2859 795
2319 4031
545 1046
4347 3803
1577 1746
1732 1421
3676 1649
2041 591
1819 4063
4096 902
421 1361
4531 873
2716 249
4406 766
746 2339
3581 3097
966 3598
4379 4693
2085 1596
886 127
3378 2713
4249 1657
4081 3161
3109 1343
4723 4369
3729 3161
3801 2482
2791 2815
4925 4261
931 1011
4053 2515
2233 4785
4611 847
451 2185
2077 1792
3371 2951
4815 2134
749 4566
156 3563
4145 718
721 4518
3176 299
3436 4361
4317 4417
1685 2005
3724 1986
2381 3
3773 3146
3671 4400
1436 2651
4311 4555
1921 1153
716 1017
4471 3272
2551 3219
377 1307
2782 213
38 1326
2976 2127
2918 3478
4700 166
3226 3333
1253 150
1713 4367
521 230
35 4579
1191 1333
420 4766
2093 393
212 4113
2077 4539
4481 276
2041 2101
3033 663
4887 1104
2993 4065
3190 2436
595 4281
3191 4461
507 1793
1381 2001
3876 1377
1825 1695
3558 1761
4863 1386
4553 4161
2088 211
1800 1959
2996 4981
3626 4537
4821 4801
2911 4817
2295 1409
1895 2497
3168 629
4918 2841
1579 2335
26 477
726 4066
4665 1749
3572 2441
4312 3794
4049 990
2191 675
4235 1498
4526 1609
2959 4501
553 4637
1821 3151
1361 325
2073 1017
2953 2761
2341 257
3341 229
1071 4725
1020 2560
4181 4710
4751 2041
2036 511
2848 2001
3017 2061
3825 2443
207 76
525 2157
1641 4111
3991 607
4046 401
3963 1584
3013 293
4521 2549
313 650
3951 4340
1371 3763
415 2755
4731 4697
4046 3781
632 3409
4461 1316
1576 2193
129 3357
1116 1113
4278 2701
1541 2615
625 2121
2781 3461
2946 3871
2877 241
3341 4615
347 3657
613 2066
1345 3413
3264 291
4401 4645
1481 3476
4276 3651
2931 3166
3883 1191
625 3673
897 3126
3313 1518
3775 3102
1929 3174
492 1776
651 2831
1284 2777
243 1580
1021 2145
481 4081
3441 2337
2555 261
3121 2032
813 1261
1049 3025
1051 572
1025 665
4281 2961
2279 500
2115 1441
3715 4486
2373 3157
627 4857
3397 4926
1973 2577
1669 2847
2765 553
2337 3963
3936 3665
4821 957
169 1704
3615 2015
4841 941
4792 1301
4078 131
1156 4158
2626 4657
1441 2863
4353 4569
739 301
465 1001
4159 3760
352 4520
1840 2738
4791 2785
3535 516
2161 4793
1193 2471
1081 4797
841 4417
995 3289
2777 2398
1461 3581
1841 1761
2461 321
4296 1437
4 4086
85 2441
3001 1613
606 1653
2935 4261
977 1957
4491 2000
2709 795
3280 3126
4833 1757
1243 1461
3431 187
381 3065
3875 2993
4072 4628
2833 1900
2871 1610
923 177
3656 1055
2569 569
1758 1617
555 4657
4193 1820
4699 4416
69 1561
3121 2521
1858 122
3941 505
326 4441
1741 3582
1950 4471
346 3421
1437 1765
2117 246
3195 83
121 1146
4643 1221
3697 4586
4678 603
2643 1633
196 1026
2809 2821
4135 2507
2549 1915
1181 1449
4807 4377
637 2273
3177 1005
4244 1076
1086 3946
2661 665
2656 4305
3721 4743
4420 832
3382 4837
4059 2182
3282 1177
1499 3105
4793 849
4713 3377
337 3505
2145 597
2606 489
3041 1111
626 2605
1857 3658
3974 1921
297 3015
2637 3953
3313 3095
719 3340
3475 1001
1169 2276
3661 4849
994 793
2067 1067
4864 1388
4901 1882
4534 4711
11 3415
4081 952
4645 2251
2448 1089
2301 3954
609 809
4897 817
2891 3201
1804 1808
1383 2930
1825 1231
3449 1693
3202 3231
3703 680
1025 4496
739 2993
4773 1961
4506 1862
1945 3453
936 3269
3753 1356
2781 769
1 3295
639 2089
2871 4164
2511 4225
4961 1765
871 3911
59 3321
4937 159
227 41
819 4185
3561 3761
4223 4546
2901 294
2826 2279
3969 477
4908 4259
1201 501
2737 1615
2828 3051
1161 2026
1937 135
2905 2461
1611 3361
1600 2303
113 1733
2934 1401
1018 4615
4585 2689
3036 1876
3191 613
2577 2044
1881 4825
2451 3154
3015 769
1836 4953
805 2391
1906 3161
3951 3557
3133 831
4281 641
4694 1113
1659 996
2461 3505
5000 4932
3891 3737
2209 3321
1513 965
4984 2982
1003 396
4297 2975
1970 4713
1130 2825
2301 3356
4404 779
3638 3393
2032 3672
2139 391
821 4036
3697 3547
2289 2113
3101 3214
3489 3433
2997 1831
1955 4143
3393 2778
2569 3386
1466 2617
1946 2481
2261 4169
532 4337
4033 4501
535 322
1701 1726
4525 1639
2157 771
4725 1253
2457 2261
3907 2150
2301 1449
1681 4827
4451 1691
4411 1123
906 235
431 3932
1813 511
3241 954
3119 3605
2233 1121
1462 192
1351 2527
3161 3207
2226 821
2976 2895
4321 1801
3357 3197
1305 2108
2688 2411
1732 4423
1595 4801
2234 1521
209 3920
2365 2177
3001 4611
3455 2251
2885 2125
3044 321
398 4971
2396 3520
3569 3161
3885 2149
4605 2457
3697 233
3953 2551
1436 1726
46 2367
2663 369
1253 2900
3539 269
4327 4744
4733 451
3539 4639
1063 3735
2787 4185
1772 1025
1849 2313
2993 2907
3665 2601
1097 3072
4189 1881
1701 541
1701 4097
3813 142
651 1216
3597 698
4701 165
3741 2828
194 3669
74 3961
2537 3454
3069 1313
59 3205
3236 2679
3864 3261
841 3451
3076 2371
4897 1801
789 4761
3081 4441
2193 1305
4257 3233
2217 1916
3021 4785
4976 3189
569 1457
3692 2831
3851 1991
365 4911
3533 2511
1793 2433
599 3439
3929 4721
335 1373
1395 989
4171 2364
1047 309
2077 59
441 4461
3867 3653
4517 3213
650 351
1161 4801
947 951
3101 1681
3776 4255
2487 3711
1705 2904
2001 2189
3533 1809
401 1085
1732 2001
245 3301
3333 4730
1966 133
1819 1865
4481 1313
1518 826
437 3600
4041 3249
4049 849
3869 4640
517 3377
2077 1541
601 1421
3651 4257
4703 89
2969 3849
3219 1847
2301 3589
4906 454
1649 3595
2961 791
1379 4747
1026 1701
4421 3303
1226 197
3589 3097
2195 4793
4470 3063
1889 74
1360 4295
4087 2000
4651 281
126 228
276 1369
3157 1708
4287 2863
4276 2749
1328 3853
3941 3901
929 2878
1069 353
385 2825
4676 4133
1073 2361
4065 2766
1905 1916
1201 3748
1384 4188
18 1041
4289 3893
2671 4136
2931 3741
2651 3337
1601 111
1721 1053
2449 859
3889 1881
331 2504
1934 3809
4739 1260
4060 3957
3809 2889
2609 1017
2457 4001
4333 573
4378 1751
1705 1072
1601 881
300 2767
2401 99
1026 2025
1756 1214
4747 801
3285 3518
1 1977
2889 4024
4491 878
1252 2881
4113 146
1247 3849
1855 4271
561 857
737 3546
1021 4079
154 2890
1168 3217
2841 1263
4763 2537
4701 921
165 3219
4519 886
4243 863
1077 983
3201 1607
1200 2841
3731 4287
3063 1258
4775 638
2241 4791
1305 2552
1845 2700
301 4408
4036 2135
4569 2197
4146 1796
4633 183
2274 143
4719 3897
2136 3508
4041 4620
685 4327
581 3451
564 76
4355 166
2201 2531
3097 3145
1759 4741
2536 1607
2091 4211
356 2240
4185 771
800 2169
244 3553
4441 679
3375 1997
4371 2419
3773 3281
4478 4041
761 1523
2609 261
3773 1140
4476 2573
2969 1009
2761 1969
4201 1412
2545 473
4221 2821
545 4678
4365 497
3243 591
3700 3221
3697 3069
2287 2047
3041 3445
3550 4766
3313 4939
1175 3301
1265 1007
4571 3957
1217 4737
4916 4061
1 4571
697 890
3889 855
4548 4261
2687 3533
1509 2757
4736 4009
593 2559
4373 2551
3609 1802
2320 1087
2950 1363
105 2834
150 4841
767 2820
1136 1362
1297 1695
3903 931
2901 1791
483 963
633 966
1621 4651
25 4675
2017 2002
4611 2576
4871 2977
4001 4477
1643 2773
835 284
2497 3350
4609 463
2011 2446
2581 3225
111 1688
1028 2393
2761 3519
4156 886
2129 1669
3329 3383
3626 2736
4846 3529
2263 885
3896 649
2867 2749
4201 4272
3073 321
4576 4313
2401 1789
4885 1442
289 1538
2926 1106
3279 545
789 3061
3870 441
4639 2142
1517 1579
2541 2919
3029 1041
2591 4147
791 1976
2191 2657
4281 2552
993 1057
1157 2815
501 3168
326 2000
1619 221
1772 785
2125 2241
2851 1602
3457 3975
3111 617
2505 902
4497 4053
1589 3756
3665 3353
3563 4731
1237 1515
1369 2373
1961 2036
1719 4016
1833 1509
4128 4121
2488 4069
3091 3395
1001 208
629 1251
897 1447
2177 2128
2791 2112
2001 300
2851 1425
2653 3625
3421 2947
2423 1226
588 4697
629 2568
671 1036
4225 769
2241 541
1801 3457
4779 201
2231 4633
2283 4491
3431 438
969 3692
3567 3411
1526 4601
4184 4960
116 369
1411 2009
251 3746
1571 1331
1706 4081
3873 597
1017 686
2844 4713
297 4268
2681 609
3561 4031
4870 1019
889 4537
1 4031
4697 746
4716 3596
2893 3049
2907 3487
1101 449
601 2446
3217 165
2832 993
819 3921
709 1117
3014 177
145 3001
1960 523
626 4275
1691 3581
182 3200
1047 277
4144 4128
4024 1521
3541 1289
713 3767
2057 1878
4812 4873
176 1193
4419 4618
4609 4947
3239 1876
1985 3111
571 3667
3092 3901
3929 2382
2031 2299
3186 3713
2976 2366
2071 3425
1804 1007
2817 1601
559 4573
4879 1199
1929 1061
516 865
849 3321
877 3709
3931 1198
3751 3641
2661 1181
673 4677
125 773
670 2429
3779 285
2837 3736
2655 1027
1783 3449
1472 4521
3055 1791
3413 1944
305 1557
4066 2479
206 2009
4282 3711
229 3260
3367 1839
1821 4663
196 1172
3244 3540
1388 3401
4079 105
2023 1217
3201 3407
2085 3149
1214 2196
1368 4475
1200 2855
2789 2304
4478 2029
4551 2371
1417 3017
2859 4034
3020 3204
1736 4039
877 2001
4943 586
1518 4557
2643 3770
1025 1051
1185 4708
3613 193
1461 2304
4101 1648
4526 3949
3397 2344
2625 1717
1473 4669
4759 1961
4883 1128
3340 1201
2436 1735
837 2430
4109 757
1343 2516
4415 4720
620 3801
533 951
1945 4707
4746 4085
637 2157
201 5
1313 2426
2243 113
3875 2226
959 265
889 2986
1663 2617
3741 193
345 113
419 2470
3325 4361
1189 1234
1175 2821
1849 1713
1505 376
2315 3597
4476 4381
3694 175
1009 4486
3149 4813
3705 4921
2166 1551
2285 329
1446 3439
529 1571
533 4490
3069 3441
3621 1873
825 761
3489 3201
2981 3296
3482 1457
1499 3421
1283 3120
2609 2329
3489 4903
1593 387
1501 3781
2236 1685
771 2001
2361 4289
737 650
4969 4741
3075 1999
3015 4599
561 1751
1159 4636
4001 1444
4436 73
4349 3161
2851 2397
760 4201
2374 2123
1945 3617
1925 4779
4141 2325
4472 4541
4049 1030
1264 3231
4243 4796
4443 3045
1621 401
894 2601
421 1871
3739 2553
4885 3617
2789 3305
403 4890
1512 2741
199 3545
1540 2025
57 327
417 1555
1699 2898
1388 1994
2401 434
253 1511
491 4529
2125 3776
1458 1654
4828 4363
1269 644
224 1738
2687 1971
3447 4436
4353 3216
3109 119
2801 175
159 1078
3155 2485
4397 52
313 345
2103 4264
4116 155
3373 2891
2469 2481
849 1246
4394 2921
1204 4937
526 4632
3271 1121
2421 4001
2421 1251
2037 2759
4341 3147
2157 4961
3913 4376
2745 645
3049 2188
3107 4614
1915 3582
558 1041
2976 4171
3345 2497
361 2565
700 4305
3079 2833
4836 4341
2690 137
985 2129
4081 391
3217 2177
4994 2831
4103 2257
1729 2457
3115 4526
3461 1421
3609 1681
3656 1771
3582 3887
2353 3073
2283 1273
4033 895
2876 1756
1059 4625
3380 3434
4073 2329
52 1993
3341 2032
1709 520
227 2201
1089 1881
1365 121
697 3154
1519 2351
4889 961
1486 2041
3073 4787
4865 3529
3733 2599
1009 91
817 4603
919 4431
4905 787
3465 1701
3994 214
1049 1682
4439 2878
4741 4889
1051 2771
4545 2914
2141 3461
2521 1641
1105 960
1909 3449
3861 3665
413 1591
4159 2930
3417 4487
3680 3042
2362 4344
4589 1971
686 3912
1365 4165
4846 89
1247 641
3009 4379
1286 3121
227 704
1659 4666
4449 2813
1 2832
2242 1777
2841 4461
3126 3765
863 4845
3561 1451
4101 461
2242 487
2051 3721
321 3007
1387 663
3549 1967
4476 2891
1739 4917
217 3116
1937 568
937 1713
2554 4151
1368 2451
2837 2621
1553 4091
2851 2351
3555 801
3001 525
4353 961
1313 4226
4761 51
4183 1351
324 201
15 1730
1078 667
1590 2182
4253 4863
1601 2622
1601 3563
109 2994
797 3245
2076 4701
3289 407
971 3276
2224 851
3019 2311
498 2625
2473 1435
4481 1139
445 2577
860 4496
4889 2271
4178 337
1801 3035
2366 1171
2942 4757
1493 394
2963 4127
4483 1031
1130 4761
191 4561
4751 1287
1019 2025
3897 417
4645 4101
1751 1665
2887 1273
4002 451
1465 3135
601 2637
3787 3839
1161 3703
111 3433
2943 3568
21 1663
2579 580
330 838
3716 1981
2873 4963
3931 60
2501 2172
849 2497
1936 1729
435 1559
1352 4072
3615 361
3876 2865
2495 909
4137 1456
3409 741
136 2383
2427 3810
1830 4203
3663 1327
1697 2617
913 1689
4022 401
4817 711
4017 3481
3885 4705
101 4523
4259 2007
4539 3189
3302 3446
593 4491
3769 2293
1 3285
1297 2194
1945 4801
3240 1705
1989 2625
1342 4293
329 4901
1959 1517
1401 4529
4301 920
2473 1276
2521 4570
3619 2775
1797 4065
4395 973
3703 937
3057 2885
409 4619
1493 2732
2403 3266
305 4847
355 1144
4516 1129
4323 3971
3837 3305
2191 4505
3273 4593
61 2942
1953 1755
3829 8
797 2035
2985 1369
1249 2469
3617 855
4087 3265
1589 4608
1441 3561
901 696
1482 3793
1563 241
1799 4067
30 430
1811 757
2697 3141
1336 3315
1761 2807
1191 3651
1648 2121
4513 1799
4667 1703
1161 2764
1131 307
4641 2345
1406 1885
421 4083
2681 2226
192 3117
1121 4121
1461 3761
4894 1071
111 1673
2853 2821
754 489
701 1000
206 4323
3369 249
4776 291
147 4477
2701 4051
1956 4489
1273 2631
4995 2391
3519 2136
187 3735
2627 4347
1947 473
2070 1881
1285 3719
4573 3369
726 1711
2999 1013
4496 1519
1729 2939
1906 1271
2079 3129
3651 1661
1689 1666
3037 661
49 3915
4896 1231
2753 1741
2415 3985
1249 4390
4037 3168
721 4169
4533 1498
235 1622
726 739
981 4717
2691 2626
4589 3265
4766 3743
4521 2001
4653 768
3443 1224
3721 3345
217 4050
917 941
2996 199
4797 2847
1819 4386
949 2093
4321 2121
1336 3581
3113 4361
2639 231
3126 1801
2978 4436
945 195
989 3401
3964 721
151 61
2561 1069
914 357
4001 195
2101 2701
3891 650
3329 3001
4721 1661
3345 1561
1326 2776
485 1559
4769 4361
4143 1513
3057 1047
3077 2005
1693 1129
3966 2570
2696 4345
853 1151
703 2802
119 4781
744 1251
4715 4841
1376 114
1595 3401
2677 1431
1126 2121
4341 4045
913 378
3561 1621
801 41
423 181
2921 4061
3401 3891
153 2335
2865 4505
382 193
1841 3301
2723 4907
2861 4041
4005 4859
3449 4216
3571 2355
4867 1231
881 3825
4981 3261
3001 4707
145 3801
239 4824
769 43
1665 2074
4851 145
1392 4895
1138 730
2701 1115
633 2055
763 2531
771 1933
471 4365
157 3139
4049 2393
2518 497
4978 4745
7 2930
1447 1621
840 1153
201 3491
3321 2194
1525 2242
2903 951
4513 593
4851 3429
2091 1921
3121 2480
1204 3049
3401 953
4827 161
1227 4011
961 143
2931 4989
3526 923
213 1451
157 4751
3488 1
139 913
1789 577
2037 4087
2251 2035
2625 1305
111 2191
2917 4952
2809 2549
1467 17
4673 4321
3950 872
2711 2955
3182 1125
899 4735
1597 3665
2901 4913
2075 4468
4689 361
2417 501
4029 4568
3643 3233
1965 2851
1577 2481
1589 2064
839 3195
4905 2536
3719 2814
3384 1742
3161 169
3617 2698
91 555
2476 674
169 529
3519 542
865 3698
1041 2948
946 3822
4691 1061
378 3596
1326 3321
223 2946
4103 2405
601 2104
1407 4973
3732 1228
4521 3271
2501 384
2641 1003
426 2781
331 3659
3793 77
2877 1721
4763 4211
2393 3653
1925 2281
1875 1633
3433 1001
3641 91
2201 1421
4577 1633
4230 3376
291 97
3450 1033
4885 4850
4461 4969
4068 386
2454 4641
245 1
851 956
881 2657
1247 589
3836 3485
1585 626
467 3847
911 1753
2865 3107
721 3567
2874 1971
1536 2696
57 3937
4319 2908
4155 2905
3794 575
2514 2977
895 133
4118 2315
1652 4237
1788 981
2501 1343
1091 2369
2363 2022
4291 1665
3077 2601
1901 2415
341 4941
3295 1743
376 567
1369 4201
601 3530
4321 3063
686 1783
2191 769
2411 3441
681 579
2821 981
553 1803
4098 3837
2105 376
3385 4419
281 3521
1612 3147
2706 2336
4761 4121
1751 2047
2121 861
2853 201
536 4326
191 2631
4710 3657
4961 2161
3483 1065
4451 2954
2961 3541
4657 241
3766 2001
3316 4916
1796 2011
2156 4901
2233 4621
4890 1207
2424 4727
579 3337
601 2647
4481 2745
3216 707
79 3864
441 4036
4743 4723
4278 3315
293 801
3137 3429
2701 1667
2929 3461
4481 1097
1559 11
4936 1665
2500 4065
2631 2593
1013 2241
4561 3436
2208 3909
1957 2401
2953 2886
698 239
3409 2181
2641 2681
4296 621
2081 1355
4001 1169
165 4609
4170 4907
2201 1343
1209 3891
1333 2577
831 237
2201 351
970 3905
1597 4301
4945 3601
921 2944
3805 2442
196 2072
861 3237
2673 2081
2296 709
3653 4411
2329 4961
3846 613
351 1875
4433 3876
843 2567
289 3863
4483 3289
2472 4578
4203 2537
4482 3569
4858 2205
1021 2635
3741 4299
4981 3706
2688 557
3569 3601
2499 2858
469 3141
1456 2621
573 333
601 216
481 1977
2553 2130
4733 2487
3351 2959
2630 2521
371 1287
1481 1325
4445 3026
3803 3871
3779 350
2377 1341
4926 981
2973 3001
3893 2073
951 1311
4977 521
2666 2821
490 1730
3136 1988
4599 3634
3849 3313
69 1043
943 2421
3741 3531
1238 3551
1583 3231
472 751
231 2169
3320 4801
1400 2848
4404 2501
4733 1589
4201 3969
4209 2257
4821 3101
1875 4008
4619 2361
2057 2725
206 849
4610 2273
1497 3191
4989 886
296 538
4702 2416
1923 1801
3873 3491
4494 1243
4697 813
184 4033
801 4761
1839 271
3343 4877
4379 4902
3345 3539
1257 2244
405 2921
1651 3007
2121 16
1361 4399
3393 2827
2801 1951
1393 2231
801 2316
2352 3475
1748 4863
3961 3323
1402 156
715 1672
849 2601
345 2853
3437 601
161 4353
2992 1773
535 857
445 2361
1385 3335
4310 3772
1281 4012
3185 2211
3624 2017
4741 3941
92 4233
4982 3669
4851 3647
4463 321
4185 825
837 365
4404 1581
274 4233
417 4147
4841 4024
857 1751
2047 3809
1373 2157
451 3565
4513 4857
2491 569
4561 561
1743 3355
4684 155
2703 2067
3113 2045
4855 4235
4442 4907
4086 3727
3353 4195
1265 2473
360 4225
4949 174
377 4811
293 1707
4935 4170
757 4831
1136 3357
1859 1281
767 4625
2534 3738
649 4528
2917 2551
561 1015
4611 265
985 1801
1841 3453
513 2006
1411 2801
4641 2041
4251 2967
177 3097
4835 1346
2261 1774
3313 2110
3651 593
1442 3336
3801 1041
2113 2792
548 36
1891 1548
2191 4672
3841 1673
4315 657
2680 1282
1801 3636
2865 4567
126 3801
4381 4751
3636 3553
2425 1151
341 1926
3897 528
989 1069
1251 2068
3823 3681
3027 4485
4536 3211
1329 3959
1071 4777
4781 4905
329 2050
1719 3956
2419 4441
1441 817
4408 4109
3627 2581
4897 1562
1480 2303
3691 3146
3653 4257
2713 201
3333 621
1385 1913
726 1834
988 821
2921 553
321 353
4451 3660
4522 3401
715 217
4594 3345
2237 2751
1353 34
3611 4656
3321 633
853 965
1721 1388
4745 1819
1523 1085
207 151
4573 4106
4872 4713
225 438
1369 457
4787 4950
3186 1021
582 576
3616 4826
3272 1689
929 3761
621 1897
3220 1097
4721 191
3005 1401
1367 3161
385 381
3593 2892
1416 2511
3141 2097
136 2426
451 1233
2077 1962
504 3925
773 4007
1241 4197
2329 4857
578 3442
2501 4598
3489 2142
4086 97
649 2053
1123 91
2848 589
3056 4456
1476 2505
3886 4121
4765 983
4227 270
677 1336
2505 3883
4719 2551
2221 181
656 3181
2135 4117
1962 3495
823 2071
906 1257
889 4315
3297 4811
401 709
1312 4277
1841 4510
4905 2561
2057 2383
541 706
352 3207
76 2501
3691 411
3601 1021
411 2821
2177 391
1437 3844
1652 1637
2611 3425
3113 831
3410 3270
4137 351
4901 559
4781 2473
2279 1322
3091 3614
20 955
2545 4881
1201 1386
3471 1577
856 1001
3937 1
4053 1285
2397 4137
2573 2698
2864 482
4953 4317
4350 294
1069 377
4599 2661
390 409
4946 2885
3871 386
3843 4236
1651 945
1202 2163
2401 1225
1119 1976
2753 1431
761 3899
3300 3245
2255 4851
4048 1515
1525 4225
1361 457
3631 2651
4593 1702
2841 3817
985 4703
3144 2781
2625 1716
247 1596
1616 3905
